-0.221218
-0.221218
-0.221218
-0.225108
-0.225108
-0.225108
-0.214029
-0.214029
-0.211296
-0.211296
-0.22131
-0.22131
-0.194585
-0.194585
-0.203352
-0.203352
-0.203352
-0.207766
-0.212227
-0.212227
-0.212227
-0.231414
-0.231414
-0.256567
-0.256567
-0.256567
-0.278921
-0.308348
-0.308348
-0.308348
-0.334263
-0.334263
-0.334263
-0.380031
-0.412584
-0.412584
-0.412584
-0.445982
-0.50097
-0.50097
-0.50097
-0.522056
-0.562172
-0.562172
-0.562172
-0.579881
-0.579881
-0.617138
-0.643525
-0.643525
-0.643525
-0.651029
-0.651029
-0.68177
-0.68177
-0.68177
-0.691583
-0.691583
-0.680319
-0.672822
-0.672822
-0.683843
-0.683843
-0.683843
-0.64784
-0.64784
-0.627605
-0.564744
-0.564744
-0.56287
-0.56287
-0.505399
-0.505399
-0.505399
-0.451455
-0.400681
-0.400681
-0.400681
-0.339179
-0.339179
-0.27425
-0.210667
-0.210667
-0.210667
-0.210667
-0.136176
-0.0585738
-0.0585738
-0.0585738
-0.00103956
0.0588587
0.0588587
0.0588587
0.128127
0.128127
0.16749
0.16749
0.229438
0.229438
0.265559
0.265559
0.291956
0.291956
0.335108
0.335108
0.358088
0.358088
0.369606
0.377558
0.377558
0.377558
0.390953
0.390953
0.39911
0.39911
0.372647
0.373275
0.373275
0.373275
0.355632
0.355632
0.349648
0.349648
0.326168
0.326168
0.299383
0.299383
0.267136
0.267136
0.257222
0.257222
0.217846
0.217846
0.21672
0.189167
0.189167
0.189167
0.161248
0.161248
0.139206
0.139206
0.126216
0.126216
0.0954449
0.0954449
0.0738856
0.0738856
0.0700689
0.0510447
0.0510447
0.0510447
0.0289286
0.0289286
0.0152641
0.0152641
0.00181717
0.00181717
-0.00277622
-0.00277622
-0.0174308
-0.0302191
-0.0302191
-0.0410276
-0.0410276
-0.0610881
-0.0610881
-0.0625597
-0.0625597
-0.0625597
-0.0751633
-0.0891888
-0.0891888
-0.0891888
-0.093642
-0.0981533
-0.0981533
-0.0981533
-0.105031
-0.105031
-0.105031
-0.112506
-0.106071
-0.120553
-0.120553
-0.12005
-0.12005
-0.115138
-0.118285
-0.118285
-0.118285
-0.113306
-0.113306
-0.109416
-0.109416
-0.11339
-0.11339
-0.105712
-0.105712
-0.10771
-0.0989503
-0.0989503
-0.0989503
-0.0957587
-0.0957587
-0.0878549
-0.0878549
-0.094399
-0.094399
-0.0755268
-0.0755268
-0.0688333
-0.0688333
-0.0625653
-0.0625653
-0.0625653
-0.0603788
-0.0504677
-0.0480684
-0.0480684
-0.0480684
-0.0480684
-0.0333728
-0.0467679
-0.0467679
-0.0467679
-0.0373234
-0.0319506
-0.0319506
-0.0319506
-0.0329043
-0.0318125
-0.0318125
-0.0318125
-0.0238842
-0.0125257
-0.0125257
-0.0125257
-0.0149757
-0.011843
-0.011843
-0.011843
-0.0139286
-0.0139286
-0.00969926
-0.00376709
-0.00287406
-0.00287406
-0.00266532
-0.00672218
-0.00672218
-0.00672218
-0.00409681
-0.00409681
0.00239711
0.00239711
0.00135995
0.00135995
0.0011492
0.0011492
0.00528539
0.00528539
0.00147693
0.00147693
-0.00147331
-0.00147331
-0.00147331
-0.00685255
0.000740934
0.000740934
0.000740934
-0.00256998
-0.00256998
-0.0122693
-0.0122693
-0.000621454
-0.000621454
-3.41361e-05
-3.41361e-05
-3.41361e-05
-0.0103099
-0.0163694
-0.000165475
-0.000165475
-0.00181731
