-0.536196
-0.536196
-0.536196
-0.533689
-0.533689
-0.533689
-0.540733
-0.540733
-0.537209
-0.537209
-0.532788
-0.532788
-0.528495
-0.528495
-0.520085
-0.520085
-0.520085
-0.516423
-0.50374
-0.50374
-0.50374
-0.494672
-0.494672
-0.487597
-0.487597
-0.487597
-0.475107
-0.461976
-0.461976
-0.461976
-0.447697
-0.447697
-0.447697
-0.425392
-0.407308
-0.407308
-0.407308
-0.390129
-0.387769
-0.387769
-0.387769
-0.33808
-0.323882
-0.323882
-0.323882
-0.298245
-0.298245
-0.269808
-0.239167
-0.239167
-0.239167
-0.201964
-0.201964
-0.174622
-0.174622
-0.174622
-0.151505
-0.151505
-0.122615
-0.102946
-0.102946
-0.0879705
-0.0879705
-0.0879705
-0.0661847
-0.0661847
-0.0541488
-0.0283254
-0.0283254
-0.0303791
-0.0303791
-0.0161805
-0.0161805
-0.0161805
-0.00357435
0.00554097
0.00554097
0.00554097
0.0153196
0.0153196
0.0243778
0.0354624
0.0354624
0.0354624
0.0354624
0.0466865
0.0536965
0.0536965
0.0536965
0.0598557
0.0672558
0.0672558
0.0672558
0.0663855
0.0663855
0.071982
0.071982
0.0772715
0.0772715
0.0755845
0.0755845
0.0701404
0.0701404
0.0569726
0.0569726
0.0614049
0.0614049
0.0489504
0.0414435
0.0414435
0.0414435
0.0361622
0.0361622
0.0339563
0.0339563
0.0399101
0.0168595
0.0168595
0.0168595
0.0129203
0.0129203
0.00970284
0.00970284
-0.00416259
-0.00416259
-0.0109589
-0.0109589
-0.0181396
-0.0181396
-0.031555
-0.031555
-0.0297771
-0.0297771
-0.0233912
-0.0302333
-0.0302333
-0.0302333
-0.0380427
-0.0380427
-0.0384995
-0.0384995
-0.0325054
-0.0325054
-0.0394229
-0.0394229
-0.0413814
-0.0413814
-0.0316775
-0.0364793
-0.0364793
-0.0364793
-0.0406609
-0.0406609
-0.0376839
-0.0376839
-0.0325318
-0.0325318
-0.0325352
-0.0325352
-0.031123
-0.0351933
-0.0351933
-0.0292517
-0.0292517
-0.0305492
-0.0305492
-0.0269434
-0.0269434
-0.0269434
-0.0257588
-0.0226441
-0.0226441
-0.0226441
-0.0246381
-0.0219548
-0.0219548
-0.0219548
-0.0213604
-0.0213604
-0.0213604
-0.0196542
-0.0151281
-0.0192692
-0.0192692
-0.0170616
-0.0170616
-0.0135657
-0.0151076
-0.0151076
-0.0151076
-0.0103474
-0.0103474
-0.0108939
-0.0108939
-0.0116037
-0.0116037
-0.00898135
-0.00898135
-0.0110738
-0.00724197
-0.00724197
-0.00724197
-0.00388873
-0.00388873
-0.00371238
-0.00371238
-0.0100885
-0.0100885
-0.00265235
-0.00265235
-0.000526911
-0.000526911
0.000476116
0.000476116
0.000476116
0.000356648
0.000771495
0.00209732
0.00209732
0.00209732
0.00209732
0.00436251
-0.00369721
-0.00369721
-0.00369721
-0.000841967
0.00147973
0.00147973
0.00147973
-0.00563454
-0.00178286
-0.00178286
-0.00178286
0.00177948
0.00240315
0.00240315
0.00240315
0.00170453
0.004181
0.004181
0.004181
0.00132832
0.00132832
0.0011542
0.000316085
0.0020315
0.0020315
-3.07445e-05
0.000414054
0.000414054
0.000414054
-0.00220189
-0.00220189
-0.00241946
-0.00241946
-0.00512887
-0.00512887
-0.0101273
-0.0101273
-0.00524724
-0.00524724
-0.00648266
-0.00648266
-0.00515646
-0.00515646
-0.00515646
-0.00227815
0.00144656
0.00144656
0.00144656
-0.00120696
-0.00120696
-0.00153308
-0.00153308
-0.00162751
-0.00162751
-0.00223565
-0.00223565
-0.00223565
-0.00430457
-0.00128735
0.00233038
0.00233038
0.00230429
