0.482759 1.5 0.484367 0.540568 -0.866025 0.515159 0.0158041 0 -2.91839e-08 -1.03397 0 -1.04 
0.487402 1.5 0.484367 0.542517 -0.866025 0.515159 0.00533779 0 -2.79528e-08 -1.03639 0 -1.04 
0.481979 1.5 0.484367 0.544303 -0.866025 0.515159 -0.00492785 0 6.30545e-06 -1.03892 0 -1.04 
0.480428 1.5 0.484292 0.5263 -0.866025 0.515226 0.0256939 0 0.000733382 -1.03647 0 -1.03984 
0.49346 1.5 0.484113 0.543926 -0.866025 0.515359 -0.00703392 0 0.00274023 -1.03849 0 -1.03933 
0.466532 1.5 0.483924 0.50134 -0.866025 0.515489 0.0558074 0 0.00369085 -1.03565 0 -1.03874 
0.495093 1.5 0.483027 0.521609 -0.866025 0.515853 0.0200832 0 0.00510519 -1.03899 0 -1.03577 
0.500828 1.5 0.48218 0.524245 -0.866025 0.515769 0.0168865 0 0.00603142 -1.03288 0 -1.03242 
0.472388 1.5 0.481442 0.535134 -0.866025 0.514995 0.0356855 0 0.00639241 -1.03502 0 -1.02874 
0.456489 1.5 0.47974 0.569476 -0.866025 0.512739 0.0306499 0 0.00822565 -1.03383 0 -1.01916 
0.461318 1.5 0.479047 0.583251 -0.866025 0.508664 0.0269596 0 0.00657895 -1.01859 0 -1.01359 
0.450003 1.5 0.476449 0.58583 -0.866025 0.494042 0.0244574 0 0.00467416 -1.00359 0 -0.991734 
0.459401 1.5 0.473493 0.596303 -0.866025 0.486396 0.0155507 0 0.00585885 -0.995516 0 -0.972061 
0.476553 1.5 0.472447 0.583517 -0.866025 0.47205 0.00641782 0 0.00365436 -0.967811 0 -0.956382 
0.526311 1.5 0.471645 0.619063 -0.866025 0.463784 -0.0649149 0 0.00285304 -0.970064 0 -0.945593 
0.484279 1.5 0.471651 0.545759 -0.866025 0.446946 0.0110631 0 0.000674409 -0.940864 0 -0.929786 
0.487151 1.5 0.467332 0.527475 -0.866025 0.434454 0.00968638 0 0.00118649 -0.913921 0 -0.894952 
0.478476 1.5 0.464839 0.524328 -0.866025 0.417553 -0.0128293 0 0.000226563 -0.874225 0 -0.861211 
0.477751 1.5 0.463888 0.488043 -0.866025 0.408367 -0.00462103 0 -0.000369186 -0.862007 0 -0.843138 
0.456095 1.5 0.461597 0.438935 -0.866025 0.390248 0.0109357 0 -0.00138685 -0.81107 0 -0.801519 
0.477478 1.5 0.462278 0.456867 -0.866025 0.381267 -0.0257972 0 -0.00198099 -0.812622 0 -0.788454 
0.499631 1.5 0.463644 0.446156 -0.866025 0.362887 -0.0468076 0 -0.00293641 -0.787454 0 -0.758091 
0.473214 1.5 0.460482 0.428223 -0.866025 0.363204 -0.01002 0 -0.00277788 -0.753334 0 -0.740076 
0.495378 1.5 0.461 0.419145 -0.866025 0.345523 -0.00902706 0 -0.00350916 -0.730048 0 -0.697298 
0.478643 1.5 0.465344 0.373106 -0.866025 0.320215 -0.00700674 0 -0.00425941 -0.683102 0 -0.643213 
0.475847 1.5 0.46254 0.371111 -0.866025 0.321349 -0.0186304 0 -0.00428217 -0.646319 0 -0.624775 
0.471733 1.5 0.469077 0.350073 -0.866025 0.303374 -0.00979857 0 -0.00458778 -0.620005 0 -0.599232 
0.461064 1.5 0.465449 0.325307 -0.866025 0.305576 -0.00158913 0 -0.00466658 -0.582231 0 -0.574117 
0.479748 1.5 0.469266 0.317971 -0.866025 0.296493 -0.0127842 0 -0.00475888 -0.578504 0 -0.559402 
0.480633 1.5 0.471759 0.302942 -0.866025 0.288967 -0.00129653 0 -0.00483423 -0.555982 0 -0.534283 
0.482782 1.5 0.475002 0.290808 -0.866025 0.281415 -0.0081663 0 -0.0048482 -0.53488 0 -0.512924 
0.480924 1.5 0.481755 0.290778 -0.866025 0.268112 -0.0047773 0 -0.00477615 -0.496345 0 -0.475252 
0.477694 1.5 0.484751 0.27856 -0.866025 0.262854 0.0238585 0 -0.00471834 -0.473686 0 -0.45563 
0.494121 1.5 0.481733 0.284588 -0.866025 0.267184 -0.0086296 0 -0.00479379 -0.459141 0 -0.430661 
0.508317 1.5 0.490607 0.268016 -0.866025 0.254184 -0.00147579 0 -0.00457771 -0.435604 0 -0.411509 
0.517534 1.5 0.493848 0.252336 -0.866025 0.250175 -0.00343085 0 -0.00449112 -0.416988 0 -0.390268 
0.494101 1.5 0.493848 0.255636 -0.866025 0.250175 0.0208855 0 -0.00449112 -0.403155 0 -0.390268 
0.531259 1.5 0.501616 0.265432 -0.866025 0.241007 -0.00116528 0 -0.00428061 -0.378633 0 -0.357665 
0.54004 1.5 0.50594 0.247912 -0.866025 0.235869 -0.00542862 0 -0.00415744 -0.375506 0 -0.345952 
0.520679 1.5 0.505187 0.246211 -0.866025 0.238053 0.0171652 0 -0.00419238 -0.355294 0 -0.332385 
0.553579 1.5 0.514079 0.265523 -0.866025 0.229223 -0.00597391 0 -0.00398341 -0.324941 0 -0.299719 
0.55026 1.5 0.523365 0.261256 -0.866025 0.219424 0.00239217 0 -0.00378528 -0.295162 0 -0.278478 
0.557385 1.5 0.523721 0.263853 -0.866025 0.220714 -0.00537818 0 -0.00381408 -0.282256 0 -0.264158 
0.561822 1.5 0.533122 0.253785 -0.866025 0.21161 0.00392246 0 -0.00362982 -0.264737 0 -0.242126 
0.580671 1.5 0.541418 0.230394 -0.866025 0.203144 -0.00508923 0 -0.00346439 -0.246685 0 -0.227607 
0.586706 1.5 0.543751 0.219844 -0.866025 0.203675 -0.0124936 0 -0.00350862 -0.230544 0 -0.204397 
0.599429 1.5 0.552222 0.220839 -0.866025 0.195518 -0.00712326 0 -0.00335309 -0.216689 0 -0.188964 
0.594662 1.5 0.557265 0.233465 -0.866025 0.191168 -0.0109851 0 -0.00328363 -0.189693 0 -0.176689 
0.573782 1.5 0.56637 0.212095 -0.866025 0.18255 0.00978299 0 -0.00314718 -0.185275 0 -0.160462 
0.599856 1.5 0.568383 0.217339 -0.866025 0.181443 -0.016603 0 -0.00315344 -0.163299 0 -0.151566 
0.592414 1.5 0.583816 0.192706 -0.866025 0.166819 -0.00393171 0 -0.00296048 -0.145777 0 -0.127547 
0.599735 1.5 0.586218 0.184702 -0.866025 0.165106 -0.0107515 0 -0.00295388 -0.136552 0 -0.119743 
0.605205 1.5 0.596786 0.181142 -0.866025 0.154948 -0.0104747 0 -0.0028202 -0.13321 0 -0.107455 
0.605048 1.5 0.599327 0.15543 -0.866025 0.153015 -0.0073677 0 -0.00280154 -0.113046 0 -0.100361 
0.615336 1.5 0.611661 0.153182 -0.866025 0.141409 -0.00636547 0 -0.00263876 -0.10257 0 -0.0875104 
0.614794 1.5 0.61378 0.15323 -0.866025 0.139709 -0.00640228 0 -0.00261454 -0.10257 0 -0.0824226 
0.621423 1.5 0.623723 0.123839 -0.866025 0.13063 0.00838846 0 -0.0024891 -0.0823752 0 -0.071184 
0.639264 1.5 0.637223 0.128178 -0.866025 0.118139 -0.00280425 0 -0.00234972 -0.0704507 0 -0.0619333 
0.649134 1.5 0.648376 0.119956 -0.866025 0.108113 -0.00428546 0 -0.00222122 -0.0635912 0 -0.0501989 
0.667018 1.5 0.658188 0.105534 -0.866025 0.0991809 0.00337688 0 -0.00212012 -0.0512373 0 -0.0421558 
0.674 1.5 0.670853 0.0971107 -0.866025 0.087533 -0.00423155 0 -0.00199308 -0.0426941 0 -0.0324322 
0.688702 1.5 0.686826 0.0885401 -0.866025 0.0731856 -0.00387891 0 -0.00186923 -0.0323388 0 -0.0235457 
0.696961 1.5 0.707269 0.084464 -0.866025 0.0545156 -0.00414612 0 -0.0017147 -0.0289139 0 -0.0120686 
0.734186 1.5 0.723341 0.0497462 -0.866025 0.0403687 -0.00307713 0 -0.00162711 -0.00911177 0 -0.00495957 
0.732 1.5 0.726687 0.050868 -0.866025 0.0364037 -0.00325248 0 -0.00157822 -0.00911005 0 -0.00223481 
0.728604 1.5 0.730056 0.0547055 -0.866025 0.0322414 -4.56194e-05 0 -0.00153102 -0.0072873 0 0.000227218 
0.75758 1.5 0.75456 0.0205138 -0.866025 0.0113377 -0.00301723 0 -0.00142596 0.00426754 0 0.00910991 
0.768985 1.5 0.76485 0.00720831 -0.866025 0.00159142 -0.000162542 0 -0.00135871 0.00974427 0 0.0132157 
0.780469 1.5 0.774993 0.0031113 -0.866025 -0.00811877 0.000486418 0 -0.00129884 0.012457 0 0.017036 
0.790896 1.5 0.780302 -0.0075284 -0.866025 -0.0155769 0.0022694 0 -0.00122255 0.0161455 0 0.0192931 
0.813661 1.5 0.79654 -0.013904 -0.866025 -0.030164 0.00414564 0 -0.00116099 0.0222559 0 0.0244589 
0.834483 1.5 0.813004 -0.0402334 -0.866025 -0.0460316 0.00218625 0 -0.00110315 0.0262183 0 0.029448 
0.838986 1.5 0.82497 -0.0599933 -0.866025 -0.0606581 0.011192 0 -0.00104167 0.0319793 0 0.0322407 
0.868695 1.5 0.838431 -0.0655419 -0.866025 -0.0738115 -0.0107804 0 -0.00102525 0.0348232 0 0.0358627 
0.859352 1.5 0.843511 -0.0626889 -0.866025 -0.0829509 -0.0036557 0 -0.000968524 0.0353151 0 0.0358602 
0.868322 1.5 0.855782 -0.0714421 -0.866025 -0.0955872 0.00262376 0 -0.00096973 0.038545 0 0.0388011 
0.885001 1.5 0.869441 -0.109602 -0.866025 -0.112271 0.000755506 0 -0.000951638 0.0418589 0 0.0409554 
0.881194 1.5 0.872749 -0.113214 -0.866025 -0.119119 0.00666045 0 -0.000934325 0.0394947 0 0.0402253 
0.900215 1.5 0.886802 -0.139428 -0.866025 -0.133487 0.00242547 0 -0.000964344 0.0441612 0 0.0433394 
0.899023 1.5 0.893823 -0.14643 -0.866025 -0.144073 0.00684385 0 -0.000963426 0.044071 0 0.0432807 
0.91563 1.5 0.905205 -0.165105 -0.866025 -0.160407 0.000344989 0 -0.000963074 0.0462018 0 0.0433391 
0.91386 1.5 0.907331 -0.168249 -0.866025 -0.165855 0.00703321 0 -0.000947891 0.0416844 0 0.042183 
0.922706 1.5 0.915917 -0.192697 -0.866025 -0.176369 0.00692102 0 -0.000961926 0.0381876 0 0.0428269 
0.927723 1.5 0.921072 -0.190943 -0.866025 -0.184226 0.00216537 0 -0.00096592 0.0426703 0 0.0423786 
0.938928 1.5 0.926121 -0.195081 -0.866025 -0.192022 0.0085977 0 -0.000970957 0.0430469 0 0.0418054 
0.948474 1.5 0.931089 -0.210652 -0.866025 -0.199789 0.0019559 0 -0.000978962 0.0401488 0 0.0411107 
0.957071 1.5 0.940262 -0.221982 -0.866025 -0.213252 -0.000745249 0 -0.00101429 0.0383905 0 0.0400156 
0.953395 1.5 0.942536 -0.216222 -0.866025 -0.220738 0.00351266 0 -0.00101681 0.0387972 0 0.0378459 
0.955972 1.5 0.950697 -0.227261 -0.866025 -0.231145 0.00259792 0 -0.00105577 0.0374055 0 0.0373439 
0.968058 1.5 0.955825 -0.238469 -0.866025 -0.240082 -0.000791896 0 -0.00106848 0.0370158 0 0.0359033 
0.970886 1.5 0.960228 -0.253505 -0.866025 -0.246766 -5.40929e-05 0 -0.00108478 0.0369573 0 0.0350459 
0.967537 1.5 0.961704 -0.251856 -0.866025 -0.252034 -0.000470635 0 -0.001093 0.0369561 0 0.0334568 
0.984704 1.5 0.972605 -0.282194 -0.866025 -0.265106 0.00186088 0 -0.00113105 0.0338783 0 0.0325286 
0.985898 1.5 0.975643 -0.280022 -0.866025 -0.276864 0.00911778 0 -0.00114332 0.0303597 0 0.0287819 
0.993979 1.5 0.982803 -0.296303 -0.866025 -0.286022 0.00373614 0 -0.00117824 0.0301203 0 0.0276874 
1.00273 1.5 0.990889 -0.302798 -0.866025 -0.299531 0.00254366 0 -0.00122255 0.0260303 0 0.0249683 
1.01279 1.5 0.994164 -0.325606 -0.866025 -0.303419 -0.00506456 0 -0.0012445 0.0241212 0 0.0244716 
1.01166 1.5 0.998058 -0.31512 -0.866025 -0.309967 0.00685245 0 -0.00126682 0.0244475 0 0.0230771 
1.01755 1.5 0.999187 -0.319901 -0.866025 -0.314463 0.00302565 0 -0.00126678 0.0225742 0 0.0216503 
1.02975 1.5 1.00595 -0.328678 -0.866025 -0.32372 0.00179491 0 -0.00131192 0.0217044 0 0.0200084 
1.03358 1.5 1.00999 -0.333027 -0.866025 -0.330938 0.00632244 0 -0.00133358 0.0223655 0 0.0183598 
1.03678 1.5 1.01649 -0.347319 -0.866025 -0.339166 -0.00130831 0 -0.00138019 0.015796 0 0.0169105 
1.04968 1.5 1.02483 -0.354788 -0.866025 -0.353525 0.00417301 0 -0.00143984 0.0168673 0 0.0136865 
1.04827 1.5 1.02611 -0.360447 -0.866025 -0.357863 0.00215461 0 -0.0014514 0.0144786 0 0.0125128 
1.05778 1.5 1.0365 -0.376304 -0.866025 -0.370837 -0.00243244 0 -0.00154051 0.0110736 0 0.0102145 
1.05447 1.5 1.03872 -0.378716 -0.866025 -0.37773 -0.00404071 0 -0.00155433 0.0107001 0 0.00855157 
1.0631 1.5 1.04565 -0.394524 -0.866025 -0.386029 -0.0019003 0 -0.00160683 0.00794198 0 0.00714854 
1.06594 1.5 1.05471 -0.403314 -0.866025 -0.400524 0.00215397 0 -0.00166116 0.00800757 0 0.00436492 
1.07446 1.5 1.06638 -0.421811 -0.866025 -0.415646 -0.000333551 0 -0.00171018 0.00126384 0 0.00170849 
1.07923 1.5 1.06916 -0.437819 -0.866025 -0.420178 0.00253344 0 -0.00172188 0.0014264 0 0.000872862 
1.08184 1.5 1.07339 -0.432093 -0.866025 -0.42566 0.00926768 0 -0.00173567 -0.00094992 0 -8.25679e-05 
1.09596 1.5 1.077 -0.434343 -0.866025 -0.430548 0.00125403 0 -0.00174622 -0.000298842 0 -0.000938863 
1.09641 1.5 1.08051 -0.451274 -0.866025 -0.435233 0.00389341 0 -0.00175557 -0.00182429 0 -0.0017504 
1.097 1.5 1.08691 -0.452601 -0.866025 -0.443763 0.00753707 0 -0.00176721 -0.00512121 0 -0.00317515 
1.10961 1.5 1.09103 -0.456819 -0.866025 -0.448903 0.00722698 0 -0.00177977 -0.0050441 0 -0.0039786 
1.12035 1.5 1.09428 -0.468732 -0.866025 -0.452662 -0.000889647 0 -0.00179366 -0.00508635 0 -0.00453915 
1.11895 1.5 1.09904 -0.465331 -0.866025 -0.459344 9.09822e-05 0 -0.00183823 -0.00505756 0 -0.00536408 
1.12268 1.5 1.10144 -0.472442 -0.866025 -0.461174 -0.00046073 0 -0.0018399 -0.00533898 0 -0.00566616 
1.12933 1.5 1.10881 -0.493833 -0.866025 -0.469661 -0.00702297 0 -0.00189488 -0.00757131 0 -0.00662275 
1.13495 1.5 1.11251 -0.471514 -0.866025 -0.473831 -0.00051439 0 -0.00192199 -0.00621667 0 -0.00704337 
1.12617 1.5 1.11382 -0.481757 -0.866025 -0.47609 0.00289481 0 -0.00194469 -0.00758275 0 -0.0071376 
1.14023 1.5 1.11978 -0.51127 -0.866025 -0.481843 -0.00226341 0 -0.00198226 -0.00542907 0 -0.00776951 
1.14378 1.5 1.12104 -0.508685 -0.866025 -0.483877 -0.00328502 0 -0.00200308 -0.0057612 0 -0.00779494 
1.15985 1.5 1.12994 -0.512028 -0.866025 -0.492484 -0.00275219 0 -0.00205493 -0.01019 0 -0.00857527 
1.1594 1.5 1.13169 -0.511541 -0.866025 -0.495006 0.00642907 0 -0.00207662 -0.0087846 0 -0.00847518 
1.17033 1.5 1.13705 -0.512956 -0.866025 -0.499836 -0.00366108 0 -0.0020971 -0.0102452 0 -0.00890801 
1.17593 1.5 1.14082 -0.512061 -0.866025 -0.50371 -0.00230922 0 -0.00211851 -0.00918953 0 -0.00899816 
1.17681 1.5 1.14776 -0.528559 -0.866025 -0.510479 -0.00532264 0 -0.00214084 -0.00879761 0 -0.00916502 
1.17894 1.5 1.15146 -0.537994 -0.866025 -0.514098 -0.00382754 0 -0.00214652 -0.00935388 0 -0.00918786 
1.1783 1.5 1.15867 -0.538976 -0.866025 -0.52099 0.00347135 0 -0.00214496 -0.00976002 0 -0.00920302 
1.19088 1.5 1.16682 -0.539812 -0.866025 -0.528884 -0.00162203 0 -0.00213385 -0.00981123 0 -0.00895655 
1.19123 1.5 1.17062 -0.540519 -0.866025 -0.532316 0.0023758 0 -0.00211971 -0.0114411 0 -0.00894588 
1.17583 1.5 1.17454 -0.540516 -0.866025 -0.536882 0.00368495 0 -0.00210262 -0.0106929 0 -0.00815811 
1.20106 1.5 1.18191 -0.548705 -0.866025 -0.543121 0.000673037 0 -0.00205642 -0.00738173 0 -0.00824726 
1.20353 1.5 1.18543 -0.560145 -0.866025 -0.546359 -0.00260678 0 -0.00203223 -0.00798456 0 -0.00801323 
1.21141 1.5 1.18891 -0.564799 -0.866025 -0.549408 -0.000611086 0 -0.00200891 -0.00898259 0 -0.00785758 
1.21426 1.5 1.19154 -0.571005 -0.866025 -0.551773 -0.00228513 0 -0.00199175 -0.00991136 0 -0.00764031 
1.21937 1.5 1.19601 -0.569982 -0.866025 -0.5555 0.00300331 0 -0.00196644 -0.00734944 0 -0.00754595 
1.22326 1.5 1.19892 -0.579014 -0.866025 -0.558052 0.00061743 0 -0.00194771 -0.00854873 0 -0.0072611 
1.23009 1.5 1.20279 -0.597001 -0.866025 -0.561247 -0.00451948 0 -0.00192584 -0.0073989 0 -0.00716926 
1.24491 1.5 1.20641 -0.592084 -0.866025 -0.564489 -0.00721918 0 -0.00189702 -0.00448022 0 -0.00660291 
1.2294 1.5 1.20898 -0.574147 -0.866025 -0.566725 0.00525102 0 -0.00188389 -0.00669607 0 -0.00634536 
1.22914 1.5 1.21159 -0.571777 -0.866025 -0.569025 0.00609863 0 -0.00187208 -0.00634506 0 -0.00607996 
1.2287 1.5 1.21273 -0.571572 -0.866025 -0.570167 0.00602363 0 -0.00186236 -0.00634541 0 -0.00577052 
1.24801 1.5 1.21701 -0.591097 -0.866025 -0.573871 -0.0028219 0 -0.00184009 -0.00603312 0 -0.00553403 
1.26475 1.5 1.21981 -0.581887 -0.866025 -0.576406 -0.0109224 0 -0.0018252 -0.00431084 0 -0.00525627 
1.25478 1.5 1.2243 -0.606174 -0.866025 -0.580331 -0.00433273 0 -0.00180684 -0.00216527 0 -0.00498455 
1.25202 1.5 1.22722 -0.602177 -0.866025 -0.583419 -0.000881399 0 -0.00180633 -0.00487323 0 -0.00429784 
1.23319 1.5 1.23122 -0.603531 -0.866025 -0.58685 0.0140946 0 -0.00179465 -0.0054494 0 -0.00412884 
1.25995 1.5 1.23401 -0.611232 -0.866025 -0.589455 -0.00353195 0 -0.00178339 -0.00409904 0 -0.00384784 
1.26528 1.5 1.23675 -0.60193 -0.866025 -0.592024 0.00373835 0 -0.00176842 -0.00305224 0 -0.00357062 
1.26834 1.5 1.23772 -0.601531 -0.866025 -0.593113 0.00105671 0 -0.00176695 -0.00414034 0 -0.00337025 
1.26245 1.5 1.24199 -0.611417 -0.866025 -0.597002 0.00454543 0 -0.00172674 -0.00329224 0 -0.00303148 
1.26919 1.5 1.2445 -0.610989 -0.866025 -0.599393 0.00290099 0 -0.00170232 -0.00404222 0 -0.00276942 
1.25713 1.5 1.24911 -0.614105 -0.866025 -0.603747 0.0115321 0 -0.00165372 -0.002812 0 -0.00230395 
1.25816 1.5 1.2504 -0.614605 -0.866025 -0.605227 0.0117162 0 -0.0016502 -0.00281357 0 -0.00206414 
1.28019 1.5 1.25417 -0.622962 -0.866025 -0.608698 0.00095695 0 -0.00161001 -0.00339412 0 -0.00174867 
1.27267 1.5 1.25641 -0.621759 -0.866025 -0.61089 0.00484069 0 -0.00159044 -0.00324287 0 -0.00152477 
1.29238 1.5 1.26053 -0.636334 -0.866025 -0.614933 -0.00216677 0 -0.00156161 -0.000844351 0 -0.00113275 
1.30112 1.5 1.2646 -0.629832 -0.866025 -0.619042 0.00214994 0 -0.00154357 0.00180071 0 -0.000741571 
1.2958 1.5 1.26656 -0.637841 -0.866025 -0.62105 0.00391087 0 -0.00153903 0.000294675 0 -0.000559411 
1.30409 1.5 1.26847 -0.639979 -0.866025 -0.623044 -0.00216834 0 -0.00153645 -0.000491122 0 -0.000386492 
1.30405 1.5 1.26931 -0.639993 -0.866025 -0.624166 -0.00217325 0 -0.00153234 -0.000491132 0 -0.000284011 
1.30615 1.5 1.27218 -0.64042 -0.866025 -0.62701 -0.00101834 0 -0.00153579 -0.000884448 0 -6.82591e-05 
1.30645 1.5 1.274 -0.64896 -0.866025 -0.628986 -0.00256755 0 -0.00153635 0.000471097 0 7.65991e-05 
1.30598 1.5 1.27675 -0.651907 -0.866025 -0.631788 -0.000154629 0 -0.00154513 -0.00156169 0 0.000276595 
1.31055 1.5 1.27834 -0.649481 -0.866025 -0.634081 -0.00057148 0 -0.00153881 -0.000152826 0 0.000392282 
1.31122 1.5 1.27912 -0.649833 -0.866025 -0.635246 -0.000444694 0 -0.00153752 -0.000153461 0 0.00043677 
1.30893 1.5 1.2828 -0.64878 -0.866025 -0.638928 0.00116154 0 -0.00155723 -0.000279984 0 0.000668581 
1.3163 1.5 1.28456 -0.655743 -0.866025 -0.640981 -0.00143039 0 -0.00156272 0.00156835 0 0.000761733 
1.31996 1.5 1.28714 -0.666728 -0.866025 -0.64423 -0.00244275 0 -0.00156966 -0.000333477 0 0.000869653 
1.32004 1.5 1.28806 -0.666882 -0.866025 -0.645745 -0.00241938 0 -0.00157298 -0.000333554 0 0.000876521 
1.32326 1.5 1.29164 -0.681973 -0.866025 -0.649453 -0.00412993 0 -0.00158978 0.00205003 0 0.0010504 
1.3235 1.5 1.29339 -0.662311 -0.866025 -0.6516 -0.000350009 0 -0.00159738 0.00105814 0 0.00110329 
1.33382 1.5 1.29855 -0.665863 -0.866025 -0.658021 -0.00235987 0 -0.00162314 0.00238037 0 0.00123132 
1.33002 1.5 1.29927 -0.66365 -0.866025 -0.659283 0.00153253 0 -0.00162788 0.00014403 0 0.00120207 
1.33579 1.5 1.3014 -0.687022 -0.866025 -0.661753 0.00172051 0 -0.00163283 -0.00134029 0 0.00126567 
1.33822 1.5 1.30425 -0.69484 -0.866025 -0.665428 -0.00255703 0 -0.00163391 0.00126869 0 0.00129954 
1.3344 1.5 1.30537 -0.696424 -0.866025 -0.666979 0.000374179 0 -0.00163248 -0.00134952 0 0.00129453 
1.34485 1.5 1.30658 -0.699848 -0.866025 -0.668588 -0.0062369 0 -0.00163025 0.00187343 0 0.00129479 
1.33938 1.5 1.30776 -0.689323 -0.866025 -0.670153 0.000237144 0 -0.00162713 0.000902013 0 0.00129088 
1.3406 1.5 1.30839 -0.690107 -0.866025 -0.671362 0.000484469 0 -0.00162788 0.000901409 0 0.00122866 
1.34655 1.5 1.31003 -0.699334 -0.866025 -0.673203 -0.00234992 0 -0.00161588 0.00193877 0 0.00127106 
1.35678 1.5 1.31136 -0.693453 -0.866025 -0.675111 -0.0115261 0 -0.00160554 -0.000671983 0 0.00123201 
1.3507 1.5 1.31228 -0.699183 -0.866025 -0.67622 -0.00218451 0 -0.00159366 0.00150164 0 0.00123559 
1.3385 1.5 1.31342 -0.698259 -0.866025 -0.677741 0.00473324 0 -0.00157761 -0.0001462 0 0.00121169 
1.34605 1.5 1.31457 -0.708065 -0.866025 -0.679278 -0.00341214 0 -0.00155875 0.00113663 0 0.00118384 
1.34885 1.5 1.31574 -0.701029 -0.866025 -0.680837 -0.0002961 0 -0.00153597 0.00183597 0 0.00115223 
1.34702 1.5 1.31754 -0.705447 -0.866025 -0.683552 -0.000506951 0 -0.00149048 0.00287198 0 0.00104968 
1.34912 1.5 1.31939 -0.701512 -0.866025 -0.685666 0.000542046 0 -0.00143279 4.61125e-05 0 0.00103961 
1.35482 1.5 1.32078 -0.710492 -0.866025 -0.687423 -0.0048149 0 -0.00138257 0.00155689 0 0.00100182 
1.35153 1.5 1.32207 -0.705112 -0.866025 -0.689113 0.00333143 0 -0.00133299 0.000703488 0 0.000955826 
1.35029 1.5 1.32327 -0.705338 -0.866025 -0.690732 0.00388653 0 -0.00128585 0.000979795 0 0.000902292 
1.34332 1.5 1.3246 -0.712415 -0.866025 -0.692455 0.00340984 0 -0.00123057 0.000599857 0 0.000851288 
1.34385 1.5 1.32595 -0.716892 -0.866025 -0.694183 0.00305843 0 -0.00117352 0.00114399 0 0.000798236 
1.35427 1.5 1.32744 -0.717046 -0.866025 -0.695999 0.0016548 0 -0.00111207 -0.00140137 0 0.00074659 
1.35922 1.5 1.32881 -0.720398 -0.866025 -0.697718 -0.00524466 0 -0.00105712 0.000555565 0 0.000689266 
1.35309 1.5 1.33005 -0.719791 -0.866025 -0.699338 -0.000311516 0 -0.00100932 0.00159154 0 0.000627407 
1.35158 1.5 1.33159 -0.71376 -0.866025 -0.701157 0.0063917 0 -0.000955301 -0.00131466 0 0.000570093 
1.34878 1.5 1.33285 -0.712171 -0.866025 -0.702783 0.00744355 0 -0.000913194 -0.00187907 0 0.000507335 
1.35292 1.5 1.33444 -0.722333 -0.866025 -0.70464 0.00410622 0 -0.000866207 -0.000446035 0 0.000448706 
1.35303 1.5 1.33575 -0.714125 -0.866025 -0.706298 0.00739107 0 -0.000828916 -0.00098387 0 0.000386527 
1.37352 1.5 1.33878 -0.728126 -0.866025 -0.709914 -0.00197019 0 -0.000758337 0.000590124 0 0.000266 
1.36489 1.5 1.34206 -0.739946 -0.866025 -0.713867 0.00373463 0 -0.000704832 -0.000276368 0 0.000137058 
1.37847 1.5 1.34351 -0.73001 -0.866025 -0.715493 -0.00322822 0 -0.000690245 0.000509555 0 9.22885e-05 
1.36156 1.5 1.34683 -0.745367 -0.866025 -0.719308 0.00415615 0 -0.000674684 0.00129225 0 -1.60289e-05 
1.37357 1.5 1.35029 -0.735333 -0.866025 -0.723656 0.0032931 0 -0.000683943 -0.000678739 0 -0.000149449 
1.37848 1.5 1.35139 -0.743986 -0.866025 -0.724951 0.00127274 0 -0.000691499 4.0227e-05 0 -0.000184744 
1.38251 1.5 1.35282 -0.749557 -0.866025 -0.726686 0.00154874 0 -0.000704148 -0.00162164 0 -0.00023373 
1.37972 1.5 1.35354 -0.734046 -0.866025 -0.727251 0.00596636 0 -0.00070987 -0.000139064 0 -0.000239809 
1.38948 1.5 1.35533 -0.752631 -0.866025 -0.729677 0.00102449 0 -0.000733263 0.000141806 0 -0.000314879 
1.38647 1.5 1.35613 -0.744902 -0.866025 -0.730309 0.0035363 0 -0.000740654 -0.000244261 0 -0.000323462 
1.38103 1.5 1.35781 -0.763829 -0.866025 -0.732137 0.00695965 0 -0.000760831 0.00134436 0 -0.000367786 
1.39298 1.5 1.35917 -0.758444 -0.866025 -0.733871 0.00119813 0 -0.000783236 -0.00031619 0 -0.000414329 
1.39446 1.5 1.36024 -0.75982 -0.866025 -0.735118 0.00112003 0 -0.000800842 -0.000130946 0 -0.000443809 
1.39646 1.5 1.36136 -0.764112 -0.866025 -0.736441 0.000763774 0 -0.000823919 -0.00059669 0 -0.000473303 
1.39685 1.5 1.36223 -0.76149 -0.866025 -0.737264 0.00168851 0 -0.000832523 -0.000395428 0 -0.000489193 
1.40108 1.5 1.36316 -0.77454 -0.866025 -0.738349 -0.00476908 0 -0.000855459 -0.00107773 0 -0.000510325 
1.38841 1.5 1.36426 -0.741484 -0.866025 -0.739528 0.0111129 0 -0.000875788 -0.000942611 0 -0.000530885 
1.40192 1.5 1.36513 -0.775174 -0.866025 -0.740511 -0.00408125 0 -0.000897541 -0.000689676 0 -0.000546439 
1.40068 1.5 1.36678 -0.771217 -0.866025 -0.742157 -0.000501105 0 -0.000916959 0.00107706 0 -0.000571368 
1.39147 1.5 1.36877 -0.776372 -0.866025 -0.744298 0.00121906 0 -0.0009539 -0.000963764 0 -0.000597376 
1.40489 1.5 1.37105 -0.776866 -0.866025 -0.746851 -0.0031504 0 -0.00100589 0.000998841 0 -0.000617475 
1.38346 1.5 1.3724 -0.784994 -0.866025 -0.748412 0.00819643 0 -0.00103579 -0.00026627 0 -0.000622974 
1.39517 1.5 1.37474 -0.766113 -0.866025 -0.750905 0.0011317 0 -0.00105173 0.000954036 0 -0.000631357 
1.40235 1.5 1.37585 -0.757697 -0.866025 -0.752087 0.00784449 0 -0.00105831 -0.00206006 0 -0.000632314 
1.41186 1.5 1.37683 -0.772742 -0.866025 -0.75314 0.000185876 0 -0.00106534 -2.67497e-05 0 -0.00063028 
1.40734 1.5 1.379 -0.769615 -0.866025 -0.755389 0.00439666 0 -0.001072 0.000366242 0 -0.000626039 
1.3863 1.5 1.38018 -0.767572 -0.866025 -0.756573 0.01179 0 -0.00107448 -0.000377817 0 -0.000624167 
1.42796 1.5 1.38222 -0.773138 -0.866025 -0.758643 -0.00149139 0 -0.00108804 -0.0012803 0 -0.000615577 
1.41376 1.5 1.38351 -0.775253 -0.866025 -0.760074 0.00668799 0 -0.00110967 0.00126465 0 -0.000594483 
1.43373 1.5 1.38456 -0.792464 -0.866025 -0.761135 -0.010575 0 -0.00112048 0.00132686 0 -0.000590836 
1.42658 1.5 1.38671 -0.780686 -0.866025 -0.763286 0.00113315 0 -0.00115845 0.00100225 0 -0.000587525 
1.42536 1.5 1.38752 -0.778351 -0.866025 -0.76414 0.00298847 0 -0.00117966 0.000642298 0 -0.000581986 
1.41816 1.5 1.38829 -0.782693 -0.866025 -0.764965 0.00157791 0 -0.00120295 -0.00117111 0 -0.000576696 
1.4437 1.5 1.38973 -0.781299 -0.866025 -0.766558 -0.00885029 0 -0.00126411 0.000297242 0 -0.000567615 
1.42463 1.5 1.39043 -0.783569 -0.866025 -0.76732 -0.00122792 0 -0.00130538 0.000728848 0 -0.000568719 
1.42556 1.5 1.39116 -0.784028 -0.866025 -0.768197 0.000484515 0 -0.00135966 -0.00110609 0 -0.000562599 
1.42312 1.5 1.39174 -0.78208 -0.866025 -0.768929 0.00301098 0 -0.00140827 -0.00132552 0 -0.000557768 
1.4444 1.5 1.39239 -0.784765 -0.866025 -0.76975 -0.00653749 0 -0.00146396 -0.00195204 0 -0.000555417 
1.42877 1.5 1.39308 -0.795965 -0.866025 -0.770686 -0.00211342 0 -0.00152633 -0.000597596 0 -0.000551173 
1.42806 1.5 1.39428 -0.793957 -0.866025 -0.77232 -0.00219288 0 -0.00162818 0.00010263 0 -0.000548858 
1.45088 1.5 1.39492 -0.804027 -0.866025 -0.773202 -0.00596446 0 -0.00167705 0.000815024 0 -0.000545641 
1.42681 1.5 1.39556 -0.788604 -0.866025 -0.774095 -0.00134373 0 -0.00172269 -0.000475907 0 -0.000541911 
1.40513 1.5 1.39621 -0.807495 -0.866025 -0.774997 0.0127591 0 -0.00176375 0.0010511 0 -0.000537698 
1.43059 1.5 1.39715 -0.800371 -0.866025 -0.776392 0.00179755 0 -0.00181594 0.00143296 0 -0.000521435 
1.43125 1.5 1.39852 -0.80186 -0.866025 -0.778237 -0.000304136 0 -0.00187274 -0.000479628 0 -0.000510854 
1.42824 1.5 1.39922 -0.798406 -0.866025 -0.779165 -0.00169212 0 -0.00189702 -0.00213086 0 -0.0005051 
1.43416 1.5 1.40108 -0.801956 -0.866025 -0.781424 0.0012824 0 -0.00193763 -0.000130667 0 -0.00049821 
1.43321 1.5 1.40179 -0.804527 -0.866025 -0.782315 0.000307179 0 -0.00195205 0.000166444 0 -0.000492194 
1.4362 1.5 1.40249 -0.820803 -0.866025 -0.783183 -0.00848916 0 -0.00196447 -0.00142248 0 -0.000486162 
1.43416 1.5 1.40317 -0.816112 -0.866025 -0.784026 -0.00288882 0 -0.00197457 -0.00215157 0 -0.000480283 
1.44051 1.5 1.4045 -0.821343 -0.866025 -0.78563 -0.00661821 0 -0.00198857 -0.00139745 0 -0.000468985 
1.43354 1.5 1.4054 -0.8206 -0.866025 -0.786837 -0.00232054 0 -0.0020021 -0.00333637 0 -0.00045389 
1.43425 1.5 1.40626 -0.814999 -0.866025 -0.787744 -0.000775972 0 -0.00198968 -0.00253494 0 -0.000446584 
1.42893 1.5 1.40682 -0.808992 -0.866025 -0.788398 0.00270658 0 -0.00198415 -0.00207409 0 -0.000437222 
1.4599 1.5 1.40777 -0.815544 -0.866025 -0.789318 -0.00446609 0 -0.00195458 0.000368582 0 -0.000423247 
1.41736 1.5 1.40876 -0.813149 -0.866025 -0.790438 0.00757951 0 -0.00193647 -0.00296763 0 -0.000398217 
1.43993 1.5 1.40975 -0.825542 -0.866025 -0.791307 -0.00485007 0 -0.00189403 -0.00245047 0 -0.000372994 
1.4375 1.5 1.41117 -0.811898 -0.866025 -0.792706 0.00486561 0 -0.0018505 0.000425702 0 -0.000325284 
1.44153 1.5 1.41158 -0.813724 -0.866025 -0.792979 0.000975772 0 -0.00182475 -0.00120634 0 -0.000309369 
1.43938 1.5 1.41237 -0.814642 -0.866025 -0.793708 0.00340776 0 -0.00179809 -0.0002426 0 -0.000278394 
1.43889 1.5 1.41305 -0.814985 -0.866025 -0.79429 0.00275886 0 -0.00177159 -0.000484398 0 -0.000249227 
1.4463 1.5 1.41381 -0.826957 -0.866025 -0.794912 -0.00285864 0 -0.00174041 -0.000516632 0 -0.000213677 
1.44128 1.5 1.41444 -0.81716 -0.866025 -0.795466 0.000177001 0 -0.00171846 -0.000162844 0 -0.000184431 
1.44726 1.5 1.41509 -0.821896 -0.866025 -0.795999 -0.00278319 0 -0.00169487 0.000447075 0 -0.000151451 
1.45252 1.5 1.41574 -0.831159 -0.866025 -0.796518 -0.00465659 0 -0.00167416 0.00155292 0 -0.000117835 
1.42501 1.5 1.41671 -0.829649 -0.866025 -0.797235 0.00907958 0 -0.00164414 0.00176393 0 -5.6962e-05 
1.46868 1.5 1.41759 -0.843905 -0.866025 -0.798011 -0.0159054 0 -0.00163204 0.000321625 0 -1.48581e-05 
1.45564 1.5 1.41818 -0.829579 -0.866025 -0.798496 -0.0030176 0 -0.00162424 -0.00301938 0 1.9524e-05 
1.45845 1.5 1.4187 -0.833762 -0.866025 -0.798929 -0.00593838 0 -0.00161887 0.00015196 0 5.2322e-05 
1.46102 1.5 1.41932 -0.837881 -0.866025 -0.799449 -0.0073579 0 -0.00161552 -0.00167597 0 9.0957e-05 
1.46172 1.5 1.41985 -0.818209 -0.866025 -0.799913 -0.000539388 0 -0.00161636 0.000830988 0 0.000122841 
1.46001 1.5 1.42056 -0.818212 -0.866025 -0.800595 0.000440678 0 -0.00162452 0.000785791 0 0.000156817 
1.45991 1.5 1.42124 -0.825096 -0.866025 -0.801194 -0.00136237 0 -0.00163263 -0.000461003 0 0.000206154 
1.45513 1.5 1.42167 -0.815104 -0.866025 -0.801608 0.00260697 0 -0.00164078 -0.000473641 0 0.00023336 
1.4585 1.5 1.42208 -0.817573 -0.866025 -0.80201 0.000591515 0 -0.00164966 0.00149477 0 0.000259321 
1.48106 1.5 1.42266 -0.819464 -0.866025 -0.802586 -0.0113989 0 -0.00166555 -0.00137888 0 0.00030735 
1.46196 1.5 1.42329 -0.820991 -0.866025 -0.803306 4.53855e-05 0 -0.00167971 -6.74119e-05 0 0.000333052 
1.37728 1.5 1.42352 -0.853418 -0.866025 -0.803577 0.0391976 0 -0.0016856 0.000566862 0 0.000350237 
1.46201 1.5 1.42407 -0.830118 -0.866025 -0.804237 -0.00213997 0 -0.00169756 0.00239817 0 0.000392244 
1.45875 1.5 1.42454 -0.819096 -0.866025 -0.804875 0.00287838 0 -0.00169689 -0.000466818 0 0.000406336 
1.41278 1.5 1.42476 -0.840961 -0.866025 -0.805148 0.025644 0 -0.00169943 0.00168044 0 0.000427697 
1.46316 1.5 1.42519 -0.8319 -0.866025 -0.80575 -0.00104071 0 -0.00170434 -0.000453101 0 0.000440444 
1.45371 1.5 1.42569 -0.82055 -0.866025 -0.806395 0.00424859 0 -0.00170837 0.000286892 0 0.000485375 
1.45082 1.5 1.42631 -0.847305 -0.866025 -0.807211 0.0035561 0 -0.00173012 -0.000586274 0 0.000517294 
1.45197 1.5 1.42666 -0.835631 -0.866025 -0.807656 0.00140599 0 -0.00175156 -0.00156325 0 0.000531227 
1.45993 1.5 1.42708 -0.841655 -0.866025 -0.808158 -0.00193899 0 -0.00177847 -0.00130577 0 0.000564395 
1.46513 1.5 1.42764 -0.834768 -0.866025 -0.808874 -0.00399024 0 -0.00183692 -0.0015786 0 0.000568893 
1.44837 1.5 1.42791 -0.831713 -0.866025 -0.809209 0.00689613 0 -0.00186606 0.000860832 0 0.000584453 
1.4635 1.5 1.42873 -0.841275 -0.866025 -0.810251 -0.0019035 0 -0.00197029 -0.000802696 0 0.000634409 
1.43799 1.5 1.42898 -0.840066 -0.866025 -0.810572 0.0109272 0 -0.00200252 -0.00138507 0 0.000645453 
1.45991 1.5 1.42925 -0.836164 -0.866025 -0.810923 -0.00102556 0 -0.00203662 -0.0035799 0 0.000660752 
1.4621 1.5 1.42979 -0.840556 -0.866025 -0.811614 -0.000597452 0 -0.00210046 7.57881e-05 0 0.000691122 
1.46005 1.5 1.43006 -0.838859 -0.866025 -0.811951 0.0014242 0 -0.00212974 -0.00142354 0 0.000706007 
1.46322 1.5 1.43032 -0.83494 -0.866025 -0.812279 0.000468485 0 -0.00215713 -0.000976181 0 0.000720548 
1.47077 1.5 1.43084 -0.837002 -0.866025 -0.812911 -0.000619667 0 -0.00220498 0.000651826 0 0.000748669 
1.46173 1.5 1.43112 -0.835193 -0.866025 -0.813253 0.00288502 0 -0.00222821 0.000514227 0 0.000765809 
1.4514 1.5 1.43165 -0.857508 -0.866025 -0.813869 0.0038185 0 -0.00226389 0.000310582 0 0.000790327 
1.4597 1.5 1.43219 -0.84618 -0.866025 -0.814482 8.45122e-06 0 -0.00230454 -0.000672319 0 0.000818592 
1.46584 1.5 1.43269 -0.849499 -0.866025 -0.81507 -0.00416863 0 -0.00234375 -0.000500013 0 0.000838247 
1.46792 1.5 1.43279 -0.842826 -0.866025 -0.815201 -0.00297818 0 -0.00234765 -0.000219312 0 0.000837717 
1.46382 1.5 1.43337 -0.838872 -0.866025 -0.815896 0.00031709 0 -0.00240929 0.000901422 0 0.000866041 
1.49443 1.5 1.43354 -0.841631 -0.866025 -0.816112 -0.0170451 0 -0.00243091 -0.00193221 0 0.000873911 
1.44808 1.5 1.43375 -0.850791 -0.866025 -0.816383 0.00527333 0 -0.00245189 -0.00112392 0 0.000880965 
1.4647 1.5 1.43396 -0.847835 -0.866025 -0.816645 -0.00571563 0 -0.00247226 -0.00272403 0 0.000887238 
1.46156 1.5 1.43419 -0.835383 -0.866025 -0.816926 0.00272903 0 -0.00249571 -0.000216061 0 0.000893666 
1.43751 1.5 1.43448 -0.847684 -0.866025 -0.8173 0.0101615 0 -0.00253267 -0.00113119 0 0.000900548 
1.47176 1.5 1.43474 -0.853714 -0.866025 -0.817602 -0.00699734 0 -0.00254466 -0.0017532 0 0.000904384 
1.47499 1.5 1.43493 -0.853355 -0.866025 -0.817833 -0.00811208 0 -0.00256063 -0.00110165 0 0.000907128 
1.46997 1.5 1.43512 -0.85008 -0.866025 -0.818068 -0.00580086 0 -0.00257736 -0.0018057 0 0.000909556 
1.47309 1.5 1.43532 -0.855024 -0.866025 -0.818309 -0.00673877 0 -0.00259547 -0.000992804 0 0.000911856 
1.47144 1.5 1.43555 -0.852997 -0.866025 -0.818579 -0.0067256 0 -0.00261221 -0.00130299 0 0.000914913 
1.4355 1.5 1.43592 -0.838585 -0.866025 -0.819046 0.0145876 0 -0.00265121 -0.00117721 0 0.000916882 
1.4774 1.5 1.43631 -0.848831 -0.866025 -0.819491 -0.00512084 0 -0.00265627 0.00109773 0 0.000925587 
1.4754 1.5 1.43656 -0.84401 -0.866025 -0.819767 -0.0024884 0 -0.00265888 0.00040193 0 0.000930378 
1.4699 1.5 1.43696 -0.852318 -0.866025 -0.8202 -0.00473773 0 -0.00264891 -0.00137654 0 0.000941657 
1.44031 1.5 1.43745 -0.844987 -0.866025 -0.820807 0.0107147 0 -0.00268866 -0.00118602 0 0.000929472 
1.42247 1.5 1.43777 -0.863531 -0.866025 -0.82116 0.0224544 0 -0.00269875 0.0017407 0 0.000926343 
1.45504 1.5 1.4383 -0.843498 -0.866025 -0.821714 0.00443734 0 -0.00268947 -0.00155232 0 0.00093296 
1.52319 1.5 1.43845 -0.834653 -0.866025 -0.821875 -0.0224234 0 -0.00269231 0.000540394 0 0.000932124 
1.47777 1.5 1.43886 -0.844274 -0.866025 -0.822356 0.00175278 0 -0.00272615 0.00188946 0 0.00091663 
1.47858 1.5 1.4392 -0.851551 -0.866025 -0.822706 -0.000563226 0 -0.00273546 0.00164026 0 0.000922291 
1.47725 1.5 1.43941 -0.841445 -0.866025 -0.82293 0.0028748 0 -0.00275554 0.0012924 0 0.000918218 
1.47002 1.5 1.43985 -0.849401 -0.866025 -0.823398 0.00309275 0 -0.00279419 0.00115056 0 0.000912143 
1.46467 1.5 1.44006 -0.855514 -0.866025 -0.823624 0.000385815 0 -0.0028118 -0.00120234 0 0.000908234 
1.50925 1.5 1.44039 -0.842823 -0.866025 -0.823979 -0.0139662 0 -0.00284166 0.00130966 0 0.000893443 
1.47736 1.5 1.4407 -0.848354 -0.866025 -0.824284 0.000257932 0 -0.00286076 0.000678638 0 0.000891271 
1.4767 1.5 1.44091 -0.850888 -0.866025 -0.824501 -0.000376142 0 -0.0028766 0.000146863 0 0.000882835 
1.47815 1.5 1.44115 -0.84611 -0.866025 -0.824742 0.0014214 0 -0.00289206 0.00126327 0 0.000873818 
1.47477 1.5 1.44136 -0.854199 -0.866025 -0.824953 0.000920799 0 -0.00290361 0.00181523 0 0.000859485 
1.47009 1.5 1.44176 -0.849293 -0.866025 -0.825361 0.00445449 0 -0.00291415 0.000820139 0 0.000838515 
1.49555 1.5 1.44199 -0.848938 -0.866025 -0.825594 -0.00842004 0 -0.00291276 0.00148317 0 0.000825537 
1.47463 1.5 1.44239 -0.874551 -0.866025 -0.82599 -0.00453052 0 -0.00289588 -0.000644197 0 0.000794246 
1.47508 1.5 1.44261 -0.852111 -0.866025 -0.826199 0.00294586 0 -0.00288184 0.00130471 0 0.000776673 
1.48336 1.5 1.44307 -0.84788 -0.866025 -0.826612 0.000479056 0 -0.00284654 0.00192555 0 0.000737582 
1.4843 1.5 1.44331 -0.847008 -0.866025 -0.826815 0.000115938 0 -0.0028262 0.000650822 0 0.000716235 
1.48408 1.5 1.44357 -0.846619 -0.866025 -0.827036 0.000322832 0 -0.00280156 0.000722036 0 0.000689734 
1.47406 1.5 1.44377 -0.847479 -0.866025 -0.827212 0.00399497 0 -0.00278274 0.00144525 0 0.000670306 
1.46867 1.5 1.44399 -0.851369 -0.866025 -0.827405 0.00374512 0 -0.00276044 0.000145451 0 0.000645916 
1.47668 1.5 1.44419 -0.841993 -0.866025 -0.827573 0.004963 0 -0.00274115 0.000418043 0 0.000624818 
1.47597 1.5 1.44446 -0.844546 -0.866025 -0.827809 0.00535241 0 -0.00271218 0.00120339 0 0.000592224 
1.4838 1.5 1.44463 -0.846167 -0.866025 -0.827953 0.000277976 0 -0.00269269 0.000129579 0 0.000567559 
1.48095 1.5 1.44483 -0.845556 -0.866025 -0.828127 0.00233597 0 -0.00266926 0.000520351 0 0.000539756 
1.48085 1.5 1.44503 -0.848393 -0.866025 -0.828298 0.002772 0 -0.00264557 0.000431364 0 0.000511219 
1.48145 1.5 1.44542 -0.846956 -0.866025 -0.828629 0.00352203 0 -0.00259796 0.00108107 0 0.000452382 
1.48178 1.5 1.4458 -0.847943 -0.866025 -0.828947 0.00250769 0 -0.00255358 0.000564333 0 0.000391532 
1.48172 1.5 1.446 -0.844925 -0.866025 -0.829114 0.00314896 0 -0.0025295 0.000222385 0 0.000356783 
1.48242 1.5 1.44617 -0.849717 -0.866025 -0.829258 0.00160421 0 -0.00251372 0.00179082 0 0.000329965 
1.49894 1.5 1.44638 -0.839715 -0.866025 -0.829454 -0.00695277 0 -0.00249539 -0.00109 0 0.000294494 
1.47831 1.5 1.44656 -0.851412 -0.866025 -0.829609 0.000455635 0 -0.00247927 -0.000302276 0 0.000263581 
1.49681 1.5 1.4467 -0.842448 -0.866025 -0.829721 -0.00661137 0 -0.0024642 -0.00108304 0 0.00023769 
1.50068 1.5 1.44687 -0.844809 -0.866025 -0.829875 -0.0096432 0 -0.00245012 -0.000125791 0 0.000206884 
1.51721 1.5 1.44703 -0.839461 -0.866025 -0.830007 -0.0180157 0 -0.00243608 -0.00177649 0 0.000178933 
1.47805 1.5 1.44736 -0.846637 -0.866025 -0.830333 0.0046792 0 -0.00240168 -7.47142e-05 0 0.000115917 
1.47774 1.5 1.44754 -0.849945 -0.866025 -0.830515 0.00252724 0 -0.00237358 -0.000362108 0 8.06317e-05 
1.48085 1.5 1.44766 -0.850319 -0.866025 -0.830637 0.00254887 0 -0.00235093 0.000820897 0 5.75266e-05 
1.48274 1.5 1.44781 -0.851122 -0.866025 -0.830791 0.00175166 0 -0.00231782 0.00038085 0 2.88327e-05 
1.48193 1.5 1.44797 -0.855354 -0.866025 -0.830949 -0.00188661 0 -0.00227985 -0.00235573 0 4.65759e-07 
1.48404 1.5 1.44813 -0.852275 -0.866025 -0.831132 -0.00128741 0 -0.00223573 -0.0015562 0 -3.07043e-05 
1.51982 1.5 1.44829 -0.846367 -0.866025 -0.831297 -0.0191022 0 -0.00219029 -0.00138118 0 -5.88774e-05 
1.4814 1.5 1.44844 -0.860114 -0.866025 -0.831443 -0.000569228 0 -0.00214462 -0.00161219 0 -8.40586e-05 
1.5064 1.5 1.44877 -0.844303 -0.866025 -0.831785 -0.0124039 0 -0.00204525 -0.00203285 0 -0.000139535 
1.48151 1.5 1.44898 -0.845675 -0.866025 -0.831967 0.00412317 0 -0.00198544 0.00069406 0 -0.000169065 
1.48817 1.5 1.44913 -0.858487 -0.866025 -0.832127 0.000357729 0 -0.00194189 0.00105827 0 -0.00019234 
1.48379 1.5 1.4493 -0.851338 -0.866025 -0.832297 0.00146667 0 -0.00188961 0.000811521 0 -0.000217507 
1.52016 1.5 1.44948 -0.853048 -0.866025 -0.832467 -0.0175236 0 -0.00183625 -0.000656234 0 -0.000241879 
1.48224 1.5 1.44981 -0.856363 -0.866025 -0.832687 -0.000645282 0 -0.00173801 -0.00156115 0 -0.000279192 
1.55529 1.5 1.45001 -0.857835 -0.866025 -0.832993 -0.0300567 0 -0.00166873 -0.00122925 0 -0.000313726 
1.50771 1.5 1.45018 -0.845263 -0.866025 -0.833133 -0.0127393 0 -0.00161559 -0.0022961 0 -0.000334399 
1.5027 1.5 1.45035 -0.84874 -0.866025 -0.833315 -0.00760573 0 -0.00155489 -0.000263357 0 -0.000357943 
1.48012 1.5 1.45056 -0.859623 -0.866025 -0.833563 0.00247154 0 -0.00146847 -0.000610567 0 -0.000387262 
1.48095 1.5 1.45084 -0.849486 -0.866025 -0.833739 0.00221365 0 -0.00135767 -0.000163755 0 -0.000418066 
1.48039 1.5 1.451 -0.852752 -0.866025 -0.833875 0.000952523 0 -0.00127971 -0.00320312 0 -0.000437196 
1.48644 1.5 1.45116 -0.85969 -0.866025 -0.834024 -0.00231862 0 -0.0011917 -0.00124545 0 -0.000456247 
1.48246 1.5 1.4515 -0.855124 -0.866025 -0.834264 0.000459772 0 -0.00101315 -0.00155003 0 -0.000493207 
1.48557 1.5 1.45162 -0.858466 -0.866025 -0.834379 0.000989635 0 -0.000939329 -0.00120076 0 -0.000506604 
1.46647 1.5 1.45192 -0.853063 -0.866025 -0.834618 0.00171533 0 -0.000774465 -0.00316301 0 -0.000536123 
1.49906 1.5 1.45206 -0.873493 -0.866025 -0.834733 -0.00341442 0 -0.000697123 -0.000479607 0 -0.000549017 
1.46503 1.5 1.45219 -0.860146 -0.866025 -0.834881 0.00783294 0 -0.000611191 -0.00145495 0 -0.000559888 
1.48999 1.5 1.45232 -0.855637 -0.866025 -0.834963 -0.00116658 0 -0.000551125 -0.00199075 0 -0.000570251 
1.5009 1.5 1.45245 -0.874207 -0.866025 -0.835055 -0.0039595 0 -0.000490467 -0.000538592 0 -0.000579129 
