1.73595 0.0299666 1.03397 0.00602937 
1.73475 0.0280387 1.03639 0.00360732 
1.73937 0.0296549 1.03892 0.00107736 
1.72591 0.0275785 1.03647 0.00337525 
1.73238 0.0316061 1.03849 0.000839876 
1.71489 0.0567346 1.03565 0.00309136 
1.71341 0.0200762 1.03899 0.0032252 
1.71216 0.0231826 1.03288 0.000460075 
1.73796 0.0366831 1.03502 0.00627607 
1.77497 0.0652878 1.03383 0.0146683 
1.78325 0.0793275 1.01859 0.00499723 
1.79192 0.0975488 1.00359 0.0118542 
1.79485 0.111229 0.995516 0.0234548 
1.77445 0.111577 0.967811 0.0114292 
1.77701 0.178023 0.970064 0.0244704 
1.73924 0.100156 0.940864 0.0110774 
1.72273 0.0954879 0.913921 0.018969 
1.72533 0.108432 0.874225 0.0130133 
1.69662 0.0809845 0.862007 0.0188689 
1.67116 0.0505228 0.81107 0.00955144 
1.6722 0.0807074 0.812622 0.0241684 
1.65068 0.100765 0.787454 0.0293633 
1.65211 0.0666491 0.753334 0.0132577 
1.63126 0.0814403 0.730048 0.0327503 
1.60582 0.0546069 0.683102 0.0398888 
1.60616 0.0534717 0.646319 0.0215438 
1.59258 0.0470638 0.620005 0.0207724 
1.58072 0.020445 0.582231 0.00811419 
1.56299 0.0252109 0.578504 0.0191021 
1.551 0.0169282 0.555982 0.0216992 
1.54047 0.0126399 0.53488 0.0219554 
1.54167 0.0226812 0.496345 0.0210933 
1.53485 0.0333635 0.473686 0.0180561 
1.52833 0.0217044 0.459141 0.0284802 
1.50648 0.0226845 0.435604 0.0240954 
1.48862 0.023808 0.416988 0.0267197 
1.50678 0.0259588 0.403155 0.0128871 
1.48952 0.0385356 0.378633 0.0209685 
1.47051 0.0361858 0.375506 0.0295541 
1.48204 0.0276167 0.355294 0.0229089 
1.47518 0.0536832 0.324941 0.0252223 
1.47403 0.050114 0.295162 0.0166834 
1.47145 0.0547421 0.282256 0.0180978 
1.46088 0.0515696 0.264737 0.0226107 
1.43085 0.0478121 0.246685 0.0190777 
1.41893 0.0467684 0.230544 0.0261472 
1.41151 0.0537021 0.216689 0.0277243 
1.4243 0.0569815 0.189693 0.0130041 
1.42138 0.0330905 0.185275 0.0248137 
1.40862 0.049598 0.163299 0.0117325 
1.3945 0.0272946 0.145777 0.0182299 
1.3837 0.0250511 0.136552 0.0168093 
1.37744 0.0285588 0.13321 0.0257557 
1.35807 0.00770796 0.113046 0.0126852 
1.34961 0.0128836 0.10257 0.0150597 
1.35 0.0140784 0.10257 0.0201479 
1.32356 0.013028 0.0823752 0.0111912 
1.31503 0.0102541 0.0704507 0.00851733 
1.30236 0.0120459 0.0635912 0.0133923 
1.27976 0.0121882 0.0512373 0.00908148 
1.26883 0.0103268 0.0426941 0.0102618 
1.25276 0.0155986 0.0323388 0.0087931 
1.24431 0.0317659 0.0289139 0.0168452 
1.19378 0.01441 0.00911177 0.00415221 
1.19605 0.0154996 0.00911005 0.00687524 
1.20116 0.02256 0.0072873 0.00751452 
1.15635 0.00979051 0.00426754 0.00484237 
1.13882 0.00707659 0.00974427 0.00347138 
1.12833 0.0126209 0.012457 0.00457902 
1.11349 0.0137555 0.0161455 0.00314756 
1.09416 0.0242014 0.0222559 0.00220294 
1.06059 0.0224897 0.0262183 0.0032297 
1.04247 0.0186159 0.0319793 0.000261446 
1.01953 0.0328546 0.0348232 0.00103954 
1.02752 0.0258593 0.0353151 0.000545142 
1.01508 0.0274434 0.038545 0.000256059 
0.974885 0.0158787 0.0418589 0.000903514 
0.974521 0.012801 0.0394947 0.000730558 
0.942174 0.0150566 0.0441612 0.000821818 
0.93757 0.00967189 0.044071 0.00079035 
0.912567 0.0115087 0.0462018 0.00286265 
0.911318 0.0105854 0.0416844 0.000498615 
0.886954 0.0193607 0.0381876 0.0046393 
0.88501 0.00995725 0.0426703 0.000291712 
0.874667 0.0162766 0.0430469 0.00124145 
0.856562 0.0207091 0.0401488 0.000961922 
0.842356 0.0189426 0.0383905 0.00162516 
0.849138 0.0126021 0.0387972 0.000951372 
0.839043 0.00750168 0.0374055 6.15836e-05 
0.822672 0.012342 0.0370158 0.0011125 
0.809409 0.0126513 0.0369573 0.00191143 
0.812848 0.00586885 0.0369561 0.00349931 
0.778712 0.0211498 0.0338783 0.00134973 
0.779605 0.0148474 0.0303597 0.0015778 
0.762007 0.0159611 0.0301203 0.00243285 
0.75134 0.0128455 0.0260303 0.00106191 
0.727636 0.0292189 0.0241212 0.000350343 
0.736218 0.0166603 0.0244475 0.00137049 
0.728707 0.0196309 0.0225742 0.000923893 
0.714057 0.0245165 0.0217044 0.00169599 
0.708292 0.0248901 0.0223655 0.00400565 
0.695434 0.0218674 0.015796 0.00111443 
0.681303 0.0255045 0.0168673 0.00318082 
0.67799 0.0226082 0.0144786 0.00196584 
0.65984 0.0219968 0.0110736 0.000859108 
0.660294 0.0159721 0.0107001 0.00214853 
0.642809 0.0194025 0.00794198 0.000793444 
0.63444 0.0121841 0.00800757 0.00364265 
0.615154 0.0102495 0.00126384 0.00044465 
0.600347 0.0207508 0.0014264 0.000553539 
0.602696 0.015292 0.00094992 0.000867352 
0.591267 0.0195721 0.000298842 0.000640021 
0.578718 0.0232824 0.00182429 7.38918e-05 
0.577393 0.0163249 0.00512121 0.00194606 
0.565604 0.0221127 0.0050441 0.0010655 
0.549524 0.0306366 0.00508635 0.000547194 
0.552953 0.0208773 0.00505756 0.000306521 
0.54523 0.0240894 0.00533898 0.000327181 
0.525328 0.0321202 0.00757131 0.00094856 
0.537497 0.0225983 0.00621667 0.000826709 
0.536117 0.0144205 0.00758275 0.000445152 
0.505265 0.0358357 0.00542907 0.00234044 
0.504576 0.0336754 0.0057612 0.00203374 
0.490939 0.0357358 0.01019 0.00161476 
0.491642 0.0333669 0.0087846 0.000309424 
0.483069 0.035801 0.0102452 0.00133722 
0.479913 0.0360872 0.00918953 0.000191372 
0.467295 0.0343657 0.00879761 0.000367412 
0.459022 0.036454 0.00935388 0.000166025 
0.458767 0.0272037 0.00976002 0.000557009 
0.449412 0.0264375 0.00981123 0.000854684 
0.44866 0.0226359 0.0114411 0.00249527 
0.459409 0.00695374 0.0106929 0.00253478 
0.435958 0.0201336 0.00738173 0.000865535 
0.425987 0.0227542 0.00798456 2.86737e-05 
0.417158 0.0272975 0.00898259 0.001125 
0.410718 0.0297658 0.00991136 0.00227105 
0.407925 0.0279296 0.00734944 0.000196518 
0.398696 0.0322284 0.00854873 0.00128763 
0.381114 0.0450571 0.0073989 0.000229642 
0.374387 0.0476673 0.00448022 0.00212269 
0.398055 0.0228644 0.00669607 0.000350713 
0.39998 0.01947 0.00634506 0.0002651 
0.400426 0.0178712 0.00634541 0.000574899 
0.372952 0.03548 0.00603312 0.000499088 
0.369046 0.0461835 0.00431084 0.000945426 
0.357316 0.0400368 0.00216527 0.00281929 
0.362093 0.0311044 0.00487323 0.000575392 
0.37455 0.0231218 0.0054494 0.00132056 
0.350081 0.0339107 0.00409904 0.000251196 
0.353343 0.030707 0.00305224 0.000518382 
0.3516 0.0318828 0.00414034 0.00077009 
0.348245 0.0258035 0.00329224 0.000260755 
0.343982 0.0276631 0.00404222 0.0012728 
0.35012 0.0185844 0.002812 0.000508057 
0.349053 0.0180784 0.00281357 0.000749425 
0.327712 0.0297916 0.00339412 0.00164545 
0.333722 0.0205861 0.00324287 0.00171809 
0.309628 0.0383716 0.000844351 0.000288398 
0.308781 0.0382553 0.00180071 0.00254228 
0.306239 0.0341568 0.000294675 0.000854086 
0.299134 0.0394527 0.000491122 0.00010463 
0.29915 0.0381856 0.000491132 0.00020712 
0.29745 0.0365229 0.000884448 0.000816189 
0.290835 0.0381232 0.000471097 0.000394497 
0.288947 0.0355118 0.00156169 0.00183828 
0.287722 0.0357159 0.000152826 0.000545108 
0.287012 0.0352824 0.000153461 0.000590232 
0.28932 0.0280557 0.000279984 0.000948565 
0.279222 0.035012 0.00156835 0.000806615 
0.26859 0.0397989 0.000333477 0.00120313 
0.268423 0.038338 0.000333554 0.00121008 
0.255201 0.0454338 0.00205003 0.000999623 
0.269541 0.031985 0.00105814 4.51492e-05 
0.260169 0.0361301 0.00238037 0.00114905 
0.264292 0.0312223 0.00014403 0.00105804 
0.242918 0.042812 0.00134029 0.00260595 
0.235552 0.0449439 0.00126869 3.08457e-05 
0.237041 0.0413965 0.00134952 0.00264404 
0.227434 0.049625 0.00187343 0.000578646 
0.238794 0.0370282 0.000902013 0.000388863 
0.237395 0.0373278 0.000901409 0.000327249 
0.226577 0.0449155 0.00193877 0.00066771 
0.224556 0.0499814 0.000671983 0.00190399 
0.223899 0.0447657 0.00150164 0.00026605 
0.232916 0.0330156 0.0001462 0.00135789 
0.220601 0.0426953 0.00113663 4.72127e-05 
0.223762 0.0387997 0.00183597 0.000683744 
0.221782 0.0367387 0.00287198 0.0018223 
0.223229 0.0337407 4.61125e-05 0.000993498 
0.212816 0.0412635 0.00155689 0.000555074 
0.218969 0.0338423 0.000703488 0.000252338 
0.219657 0.0311482 0.000979795 7.75037e-05 
0.219446 0.0277524 0.000599857 0.000251431 
0.215946 0.0292224 0.00114399 0.000345756 
0.208412 0.034209 0.00140137 0.00214796 
0.202615 0.038168 0.000555565 0.0001337 
0.207285 0.0308149 0.00159154 0.000964132 
0.212729 0.0247518 0.00131466 0.00188475 
0.215854 0.020292 0.00187907 0.00238641 
0.205664 0.0260598 0.000446035 0.000894741 
0.211494 0.0206675 0.00098387 0.0013704 
0.187128 0.0392442 0.000590124 0.000324123 
0.184837 0.0349405 0.000276368 0.000413426 
0.18243 0.0379336 0.000509555 0.000417267 
0.183691 0.0303219 0.00129225 0.00130827 
0.181868 0.0263442 0.000678739 0.00052929 
0.17223 0.0331613 4.0227e-05 0.000224971 
0.165441 0.0375492 0.00162164 0.00138791 
0.178664 0.0278591 0.000139064 0.000100745 
0.158348 0.041186 0.000141806 0.000456685 
0.16605 0.03394 0.000244261 7.92009e-05 
0.156994 0.040038 0.00134436 0.00171215 
0.151751 0.0418462 0.00031619 9.81391e-05 
0.149733 0.0422479 0.000130946 0.000312864 
0.145286 0.0447217 0.00059669 0.000123387 
0.146867 0.0423309 0.000395428 9.37652e-05 
0.134822 0.052568 0.00107773 0.000567404 
0.167592 0.0270283 0.000942611 0.000411727 
0.133752 0.0506488 0.000689676 0.000143237 
0.137311 0.0446512 0.00107706 0.00164843 
0.140774 0.0393592 0.000963764 0.000366388 
0.130402 0.045286 0.000998841 0.00161632 
0.14218 0.0393156 0.00026627 0.000356703 
0.144818 0.0255644 0.000954036 0.00158539 
0.146053 0.0285117 0.00206006 0.00142774 
0.128335 0.040164 2.67497e-05 0.00060353 
0.133793 0.032173 0.000366242 0.000992282 
0.150867 0.0179954 0.000377817 0.00024635 
0.11756 0.0479818 0.0012803 0.000664725 
0.125386 0.0347342 0.00126465 0.00185913 
0.099574 0.0590592 0.00132686 0.0019177 
0.112578 0.0435647 0.00100225 0.00158978 
0.11518 0.0406395 0.000642298 0.00122428 
0.116811 0.034847 0.00117111 0.000594415 
0.102113 0.0564554 0.000297242 0.000864857 
0.111721 0.0378642 0.000728848 0.00129757 
0.110746 0.0379183 0.00110609 0.000543492 
0.113867 0.0343135 0.00132552 0.000767753 
0.0986778 0.0543757 0.00195204 0.00139663 
0.0999301 0.043743 0.000597596 4.64229e-05 
0.101852 0.0401188 0.00010263 0.000651487 
0.079323 0.0640355 0.000815024 0.00136067 
0.106552 0.0344543 0.000475907 6.60048e-05 
0.112201 0.0366946 0.0010511 0.0015888 
0.095555 0.0413097 0.00143296 0.0019544 
0.0940414 0.0403938 0.000479628 3.1226e-05 
0.0986149 0.0348165 0.00213086 0.00162576 
0.0918756 0.0390673 0.000130667 0.000367542 
0.090793 0.0385438 0.000166444 0.000658638 
0.078661 0.0509355 0.00142248 0.000936321 
0.082675 0.0446137 0.00215157 0.00167129 
0.074696 0.0509276 0.00139745 0.00092847 
0.0805313 0.0439558 0.00333637 0.00288248 
0.0832313 0.0390841 0.00253494 0.00208836 
0.0911661 0.0305733 0.00207409 0.00163687 
0.064624 0.058407 0.000368582 0.000791829 
0.098398 0.0260828 0.00296763 0.00256941 
0.0726041 0.0457342 0.00245047 0.00207748 
0.0828233 0.0332701 0.000425702 0.000750986 
0.0784549 0.0365381 0.00120634 0.000896972 
0.0795437 0.0345643 0.0002426 3.5794e-05 
0.0796671 0.0334172 0.000484398 0.000235171 
0.0664727 0.0456473 0.000516632 0.000302955 
0.0763898 0.0345669 0.000162844 2.15864e-05 
0.0688205 0.0413125 0.000447075 0.000598526 
0.0590882 0.0506177 0.00155292 0.00167075 
0.0838393 0.0351362 0.00176393 0.00182089 
0.0415147 0.0701421 0.000321625 0.000336483 
0.057488 0.0487016 0.00301938 0.0030389 
0.0529409 0.0530245 0.00015196 9.96381e-05 
0.0486393 0.0569978 0.00167597 0.00176693 
0.0612539 0.0457079 0.000830988 0.000708146 
0.0623338 0.0432545 0.000785791 0.000628974 
0.057307 0.0454648 0.000461003 0.000667157 
0.0679211 0.0363257 0.000473641 0.000707001 
0.0638007 0.0396656 0.00149477 0.00123545 
0.0515436 0.0615618 0.00137888 0.00168623 
0.0589517 0.042559 6.74119e-05 0.000400464 
0.129447 0.0793351 0.000566862 0.000216625 
0.0523209 0.0459274 0.00239817 0.00200593 
0.0625474 0.0373258 0.000466818 0.000873154 
0.0943055 0.0466247 0.00168044 0.00125274 
0.0502288 0.0461083 0.000453101 0.000893545 
0.0650312 0.031947 0.000286892 0.000198483 
0.0527429 0.0472859 0.000586274 0.00110357 
0.0568536 0.0378584 0.00156325 0.00209447 
0.0469374 0.0469155 0.00130577 0.00187017 
0.0470015 0.0456105 0.0015786 0.00214749 
0.0623722 0.0316513 0.000860832 0.000276379 
0.0441438 0.046593 0.000802696 0.0014371 
0.0681047 0.0334401 0.00138507 0.00203052 
0.0499968 0.0397265 0.0035799 0.00424066 
0.0456667 0.0434038 7.57881e-05 0.000615334 
0.0483354 0.0404497 0.00142354 0.00212954 
0.0481628 0.0400327 0.000976181 0.00169673 
0.0411981 0.0466627 0.000651826 9.68427e-05 
0.0492273 0.0380068 0.000514227 0.000251582 
0.0494899 0.0482833 0.000310582 0.000479744 
0.0449211 0.0420347 0.000672319 0.00149091 
0.0381788 0.0478269 0.000500013 0.00133826 
0.0397048 0.0446892 0.000219312 0.00105703 
0.0452332 0.0382495 0.000901422 3.53814e-05 
0.0302751 0.0676266 0.00193221 0.00280612 
0.0543657 0.0380638 0.00112392 0.00200488 
0.0401197 0.0439116 0.00272403 0.00361127 
0.0492329 0.0334267 0.000216061 0.00110973 
0.0659101 0.0330689 0.00113119 0.00203174 
0.0315922 0.0519039 0.0017532 0.00265759 
0.029184 0.0538276 0.00110165 0.00200878 
0.0344885 0.0474305 0.0018057 0.00271525 
0.029842 0.0528359 0.000992804 0.00190466 
0.0320995 0.0499013 0.00130299 0.00221791 
0.0715957 0.02606 0.00117721 0.00209409 
0.0288534 0.0505515 0.00109773 0.000172141 
0.0331075 0.0457884 0.00040193 0.000528448 
0.0334114 0.0460536 0.00137654 0.0023182 
0.0641904 0.0277939 0.00118602 0.00211549 
0.0807587 0.0515966 0.0017407 0.000814355 
0.0504867 0.0283784 0.00155232 0.00248528 
0.0449992 0.0879422 0.000540394 0.00039173 
0.0311474 0.0448863 0.00188946 0.000972826 
0.0258587 0.0488593 0.00164026 0.000717965 
0.0336127 0.0425089 0.0012924 0.000374181 
0.0344191 0.0402639 0.00115056 0.000238412 
0.0368653 0.0404039 0.00120234 0.00211057 
0.0286165 0.0722482 0.00130966 0.000416213 
0.0287184 0.0439668 0.000678638 0.000212633 
0.0277874 0.044533 0.000146863 0.000735972 
0.0295962 0.0429484 0.00126327 0.000389455 
0.0278775 0.0445719 0.00181523 0.000955747 
0.0345612 0.0378134 0.000820139 1.83758e-05 
0.0195618 0.05869 0.00148317 0.000657628 
0.0271465 0.0583087 0.000644197 0.00143844 
0.0286962 0.0419427 0.00130471 0.000528041 
0.0246236 0.0456793 0.00192555 0.00118797 
0.0246622 0.0457907 0.000650822 6.54128e-05 
0.0251037 0.0451066 0.000722036 3.23024e-05 
0.0321347 0.0370741 0.00144525 0.000774949 
0.0347869 0.0350103 0.000145451 0.000500464 
0.0338498 0.0363763 0.000418043 0.000206776 
0.0326743 0.0365732 0.00120339 0.000611167 
0.0256275 0.0432984 0.000129579 0.00043798 
0.0280623 0.040409 0.000520351 1.94051e-05 
0.0261775 0.0414282 0.000431364 7.98547e-05 
0.0268335 0.0408908 0.00108107 0.000628683 
0.0257951 0.0410005 0.000564333 0.000172801 
0.0280918 0.0394741 0.000222385 0.000134398 
0.0240347 0.0418281 0.00179082 0.00146085 
0.0272348 0.0537315 0.00109 0.0013845 
0.0261551 0.0386304 0.000302276 0.000565857 
0.024694 0.051862 0.00108304 0.00132073 
0.0233147 0.0563049 0.000125791 0.000332674 
0.0364178 0.0725076 0.00177649 0.00195543 
0.0296572 0.0354702 7.47142e-05 0.000190632 
0.0275744 0.0362451 0.000362108 0.00044274 
0.0249006 0.0388917 0.000820897 0.000763371 
0.0228704 0.0406173 0.00038085 0.000352017 
0.0210709 0.0418239 0.00235573 0.00235619 
0.0211068 0.0416826 0.0015562 0.00152549 
0.0338232 0.0750314 0.00138118 0.0013223 
0.0195258 0.0437128 0.00161219 0.00152814 
0.0258203 0.0598741 0.00203285 0.00189332 
0.0278016 0.0358285 0.00069406 0.000863124 
0.0140335 0.0471647 0.00105827 0.00125061 
0.0219229 0.0395361 0.000811521 0.00102903 
0.0296961 0.0752629 0.000656234 0.000414356 
0.0202303 0.0401632 0.00156115 0.00128196 
0.0634592 0.11183 0.00122925 0.000915524 
0.0255499 0.0598407 0.0022961 0.0019617 
0.0190771 0.0549154 0.000263357 9.45867e-05 
0.0210305 0.0396062 0.000610567 0.000223305 
0.0253254 0.0341681 0.000163755 0.000254311 
0.0237028 0.0349988 0.00320312 0.00276592 
0.0151483 0.0436416 0.00124545 0.000789206 
0.020657 0.0373613 0.00155003 0.00105682 
0.0163224 0.0416695 0.00120076 0.000694152 
0.0359876 0.0236278 0.00316301 0.00262689 
0.00826518 0.0609818 0.000479607 6.94091e-05 
0.0363139 0.0295726 0.00145495 0.000895057 
0.0144719 0.0429732 0.00199075 0.0014205 
0.00913313 0.0623854 0.000538592 4.0537e-05 
