40 
42 
40 
36 
35 
32 
30 
35 
37 
37 
43 
35 
42 
32 
32 
36 
36 
37 
32 
43 
43 
43 
37 
49 
42 
42 
46 
48 
47 
50 
48 
61 
50 
58 
58 
61 
60 
54 
60 
62 
62 
58 
62 
68 
58 
62 
74 
65 
62 
62 
64 
61 
60 
66 
66 
66 
67 
65 
60 
63 
74 
76 
74 
69 
69 
64 
72 
74 
71 
68 
69 
65 
69 
65 
64 
66 
66 
68 
66 
69 
65 
64 
68 
67 
68 
76 
63 
63 
64 
71 
64 
64 
68 
70 
62 
66 
68 
66 
58 
66 
67 
68 
69 
72 
67 
55 
66 
66 
65 
64 
63 
61 
67 
59 
64 
64 
67 
67 
64 
64 
60 
70 
68 
64 
59 
61 
60 
64 
58 
65 
59 
68 
67 
64 
52 
61 
61 
54 
56 
60 
53 
57 
63 
63 
62 
57 
59 
59 
57 
60 
64 
66 
65 
64 
62 
62 
73 
56 
57 
61 
62 
59 
59 
59 
57 
55 
59 
59 
64 
65 
62 
62 
68 
61 
61 
60 
62 
63 
56 
58 
58 
58 
58 
59 
58 
58 
60 
61 
61 
66 
64 
62 
63 
61 
65 
60 
61 
59 
58 
62 
63 
56 
54 
58 
53 
58 
55 
50 
54 
56 
60 
56 
59 
60 
60 
59 
58 
54 
58 
57 
57 
57 
57 
55 
58 
54 
61 
54 
50 
57 
55 
52 
56 
52 
57 
53 
54 
58 
59 
56 
56 
55 
51 
54 
55 
56 
56 
52 
54 
56 
52 
53 
57 
62 
58 
60 
64 
63 
60 
61 
58 
55 
57 
50 
51 
49 
50 
52 
53 
45 
49 
47 
50 
56 
56 
56 
52 
55 
57 
59 
52 
56 
57 
53 
47 
56 
54 
52 
55 
61 
58 
58 
59 
54 
57 
57 
56 
56 
56 
54 
53 
50 
53 
55 
55 
53 
54 
53 
51 
55 
53 
54 
51 
52 
52 
52 
54 
54 
55 
51 
52 
53 
52 
50 
53 
55 
53 
51 
53 
56 
54 
53 
55 
53 
56 
59 
60 
59 
59 
58 
54 
58 
57 
54 
58 
59 
54 
58 
56 
60 
59 
57 
57 
59 
60 
57 
62 
58 
60 
59 
56 
64 
60 
60 
57 
53 
54 
55 
53 
54 
54 
51 
53 
55 
55 
53 
54 
52 
53 
51 
53 
54 
