0.867977 0.516985 
1.54031 1.28854 
1.52647 1.2871 
1.51724 1.28666 
1.48162 1.2865 
1.4626 1.28024 
1.45201 1.27942 
1.46473 1.2741 
1.4775 1.26531 
1.49631 1.24895 
1.50109 1.24243 
1.50997 1.19896 
1.50183 1.16525 
1.49706 1.13969 
1.47593 1.08716 
1.45175 1.05555 
1.42931 1.01355 
1.42889 0.919235 
1.40497 0.815692 
1.37781 0.747459 
1.33722 0.675558 
1.3206 0.617387 
1.30438 0.570539 
1.2845 0.529862 
1.2544 0.47578 
1.23782 0.42918 
1.22868 0.396409 
1.22046 0.345543 
1.22098 0.330651 
1.1999 0.295365 
1.18584 0.262649 
1.1522 0.233379 
1.13975 0.206303 
1.13457 0.162905 
1.12958 0.151916 
1.11299 0.122891 
1.0902 0.0907573 
1.08052 0.0806753 
1.05783 0.061485 
1.037 0.0478289 
1.02823 0.0386788 
1.00624 0.0535611 
0.993964 0.0473829 
0.98061 0.0449821 
0.967466 0.0554056 
0.961006 0.0537183 
0.929045 0.044612 
0.925704 0.0505827 
0.895704 0.0530419 
0.879672 0.0579889 
0.86863 0.0591144 
0.861324 0.0632269 
0.837424 0.0676383 
0.781757 0.0746522 
0.791854 0.0760213 
0.789877 0.074945 
0.76467 0.0774056 
0.746199 0.0744066 
0.731515 0.0764645 
0.726576 0.0721441 
0.713967 0.0732095 
0.703698 0.0693253 
0.682648 0.0632504 
0.667824 0.0630623 
0.635562 0.0557296 
0.640629 0.0530255 
0.623561 0.0477171 
0.631459 0.046989 
0.596494 0.040983 
0.586748 0.0386949 
0.576497 0.0343902 
0.567053 0.0278361 
0.558674 0.0261303 
0.561595 0.0241429 
0.542314 0.0220636 
0.540334 0.0188431 
0.525554 0.0131623 
0.515169 0.0088812 
0.501064 0.00727716 
0.49605 0.00681844 
0.485427 0.0101273 
0.468556 0.00746616 
0.454252 0.00901693 
0.459104 0.00937236 
0.4493 0.00909806 
0.452908 0.00996832 
0.426029 0.0137481 
0.415657 0.0152586 
0.403978 0.0159489 
0.408091 0.0154271 
0.413681 0.0161734 
0.398937 0.0150978 
0.394005 0.01488 
0.380773 0.0183722 
0.374484 0.0163475 
0.374363 0.0168835 
0.366453 0.0161587 
0.354038 0.0164686 
0.345306 0.0114884 
0.346619 0.0160615 
0.334808 0.0120541 
0.330463 0.0120339 
0.319852 0.0107462 
0.316515 0.0112106 
0.312294 0.0107252 
0.302444 0.00947622 
0.292304 0.00891402 
0.299847 0.00727763 
0.298752 0.00733567 
0.30398 0.00687598 
0.287222 0.00436603 
0.259512 0.00344551 
0.272616 0.00325447 
0.276371 0.0019369 
0.270177 0.00219577 
0.260999 0.00374972 
0.257421 0.00270453 
0.238474 0.00226551 
0.241849 0.00218914 
0.23135 0.00358108 
0.234097 0.00354095 
0.234914 0.00146594 
0.233599 0.00183822 
0.234973 0.00179613 
0.219475 0.00281514 
0.219291 0.0031721 
0.215115 0.00326812 
0.215498 0.00238222 
0.216089 0.00480359 
0.210158 0.00269955 
0.198183 0.00334944 
0.198829 0.00363114 
0.192083 0.00341395 
0.18501 0.00304271 
0.183892 0.0025767 
0.181789 0.00355067 
0.17088 0.00272941 
0.179534 0.00277017 
0.164161 0.00290145 
0.158406 0.00342022 
0.158035 0.00148013 
0.156367 0.00221534 
0.160867 0.00220119 
0.165943 0.00315252 
0.154223 0.00404136 
0.15453 0.00359495 
0.164166 0.00221731 
0.158984 0.00157236 
0.167273 0.00210987 
0.16753 0.00191903 
0.155034 0.00120117 
0.154428 0.000739267 
0.151745 0.0003162 
0.1538 0.00101488 
0.152646 0.00255356 
0.154413 0.00101868 
0.152454 0.000321858 
0.164676 0.000416564 
0.136504 0.00260956 
0.128466 0.00136592 
0.131782 0.000427173 
0.11836 0.0019 
0.127257 0.00116168 
0.116782 0.000493228 
0.126635 0.000896918 
0.116857 0.000736188 
0.110173 8.59231e-05 
0.111257 0.00113939 
0.111366 0.00103861 
0.102729 0.000626906 
0.122785 0.000940256 
0.0993557 0.00151029 
0.0861133 0.00272354 
0.0909327 0.00172684 
0.094292 0.00177031 
0.114279 0.000767805 
0.103511 0.00125675 
0.104359 0.00180971 
0.101081 0.000243908 
0.104133 0.000370041 
0.102521 0.00166063 
0.0966737 0.0014756 
0.0840152 0.0015067 
0.116624 0.000531487 
0.117958 0.00035145 
0.0837272 0.00170554 
0.0754834 0.000488876 
0.0828917 0.00106249 
0.069425 0.0023009 
0.0828697 0.00108752 
0.0853982 0.000389213 
0.0773923 0.000745858 
0.0660557 0.00110207 
0.0908833 0.000625842 
0.0936393 0.000913452 
0.0803656 0.0012603 
0.0777566 0.000810413 
0.0715905 0.00170906 
0.0681192 0.000709068 
0.0694812 0.000634904 
0.0596998 0.00112262 
0.0574835 0.00202425 
0.0556765 0.000925763 
0.0581624 0.00201286 
0.0595124 0.00161215 
0.062278 0.00149334 
0.0491151 0.000640677 
0.0540636 0.00130371 
0.0494206 0.00146159 
0.0589778 0.000696868 
0.0567304 0.00193117 
0.0515609 0.000931259 
0.0565778 0.000754368 
0.0491554 0.000918216 
0.0577263 0.000882194 
0.0396464 0.000683344 
0.0432544 0.00198271 
0.0422531 0.00075639 
0.0393304 0.00122474 
0.0384954 0.00129568 
0.040655 0.00133529 
0.0345099 0.00127738 
0.0400627 0.000297319 
0.0888496 0.00113202 
0.0486365 0.00292898 
0.0564787 0.00135252 
0.0356698 0.000490423 
0.0524283 0.000893242 
0.0375512 0.00131854 
0.0345061 0.00111687 
0.0297292 0.00152781 
0.029461 0.000684842 
0.0325014 0.00220541 
0.0353141 0.00110494 
0.0354018 0.000836993 
0.027894 0.000937725 
0.0318705 0.000868961 
0.0356757 0.000690464 
0.0314904 0.000357138 
0.0332415 0.000315328 
0.0307627 0.000453377 
0.0321309 0.00151356 
0.0370135 0.000634605 
0.0283938 0.00176521 
0.0335814 0.00101188 
0.0419336 0.00146935 
0.0257159 0.00125213 
0.0209648 0.000818931 
0.023575 0.00117102 
0.024584 0.000686757 
0.024811 0.000835731 
0.0212142 0.000688145 
0.0207758 0.00116675 
0.0281707 0.000900833 
0.0436207 0.000805573 
0.0530855 0.000924915 
0.0330319 0.00107339 
0.0301573 0.000567392 
0.034433 0.00128744 
0.0195407 0.00169174 
0.0207131 0.000755911 
0.0286318 0.00163107 
0.0202819 0.000621018 
0.0232163 0.000718385 
0.0191019 0.00111859 
0.0203059 0.000290275 
0.0175258 0.00109605 
0.0194245 0.00216508 
0.0227014 0.000629846 
0.0181231 0.000796123 
0.0195721 0.000939926 
0.0173698 0.00109786 
0.0149686 0.00131153 
0.0193441 0.000501377 
0.0164255 0.000704297 
0.0237455 0.00168241 
0.0195791 0.000555083 
0.0189567 0.000545093 
0.019964 0.000156969 
0.0166243 0.000925371 
0.0149654 0.000566873 
0.0182451 0.00100297 
0.0150223 0.000880023 
0.0162015 0.000709059 
0.019655 0.00133274 
0.0212151 0.000982274 
0.0187045 0.000684547 
0.0179507 0.00109667 
0.0143713 0.0007175 
0.0320819 0.00218768 
0.0172254 0.000592 
0.0168084 0.00072014 
0.0170141 0.00058845 
0.0230854 0.00199003 
0.0158019 0.00110343 
0.0225713 0.000897984 
0.0116071 0.00118259 
0.0146969 0.00139292 
0.0157735 0.000532294 
0.0105 0.00102437 
0.0144999 0.000900981 
0.0215598 0.000460396 
0.0133918 0.0011237 
0.0350467 0.000957776 
0.0147483 0.00134896 
0.0151091 0.000152414 
0.0155179 0.00117149 
0.0143081 0.000791612 
0.0164113 0.000850856 
0.0141675 0.000676224 
0.0218441 0.00167115 
0.00791802 0.000329438 
0.0205085 0.00102528 
0.0117278 0.00109297 
0.0100233 0.000658913 
