-0.25431 0.351648 0.00395102 -0.775478 
-0.374735 0.665579 0.0022788 -1.93281 
-0.373046 0.658084 0.00787784 -1.93064 
-0.368321 0.656374 -0.00368678 -1.92999 
-0.346558 0.644446 0.00862902 -1.92975 
-0.328702 0.640319 0.0102324 -1.92036 
-0.328015 0.632974 0.0126511 -1.91914 
-0.329907 0.639037 0.014528 -1.91115 
-0.3325 0.646012 0.0119455 -1.89796 
-0.342398 0.652306 0.00785466 -1.87343 
-0.340527 0.656414 -0.00382734 -1.86365 
-0.33298 0.664057 0.000631347 -1.79844 
-0.340719 0.656847 -0.00310259 -1.74787 
-0.346605 0.651995 -0.00853312 -1.70953 
-0.341276 0.641795 -0.0126627 -1.63074 
-0.335135 0.629464 -0.00845805 -1.58332 
-0.334203 0.616617 -0.0144366 -1.52032 
-0.353415 0.608921 -0.0107154 -1.37885 
-0.361927 0.591269 -0.00659194 -1.22354 
-0.362213 0.575074 -0.0064763 -1.12119 
-0.357438 0.55431 -0.001233 -1.01334 
-0.353642 0.54574 0.00496445 -0.926081 
-0.354233 0.535824 0.00879765 -0.855808 
-0.348452 0.529065 -0.000523374 -0.794793 
-0.340217 0.51644 0.000527347 -0.71367 
-0.327025 0.514335 0.000595931 -0.643769 
-0.32535 0.508212 0.00356202 -0.594613 
-0.307294 0.513735 6.72788e-05 -0.518315 
-0.308702 0.513063 0.00214102 -0.495976 
-0.302982 0.504544 -0.00523665 -0.443047 
-0.296278 0.499122 -0.000202788 -0.393973 
-0.287452 0.484782 -0.00496379 -0.350069 
-0.284992 0.480293 -0.00342905 -0.309455 
-0.285817 0.474375 -0.00114733 -0.244357 
-0.28013 0.476185 -0.00777441 -0.227874 
-0.275113 0.466843 -0.00509231 -0.184337 
-0.265038 0.458203 -0.00583777 -0.136136 
-0.265077 0.451775 -0.00506102 -0.121013 
-0.260037 0.442323 -0.00296702 -0.0922276 
-0.25689 0.431336 0.000404675 -0.0717433 
-0.251342 0.430349 -0.000927718 -0.0476578 
-0.238705 0.422113 -0.000958963 -0.0150452 
-0.233708 0.41809 0.00099944 -0.0057816 
-0.232029 0.411972 -0.00348068 0.00343203 
-0.222292 0.408049 -0.00354928 0.0346001 
-0.220524 0.405871 -0.00357576 0.0372066 
-0.211084 0.393811 -0.00458254 0.0532503 
-0.210607 0.391768 -0.000942455 0.0649432 
-0.204201 0.379304 -0.00162868 0.0795629 
-0.200812 0.372382 -0.000685063 0.0869834 
-0.197196 0.368529 -6.48016e-05 0.0886716 
-0.193072 0.366087 0.00195578 0.0948404 
-0.180509 0.357917 0.00278523 0.101457 
-0.171894 0.33145 -0.00341976 0.111978 
-0.164121 0.341025 -0.00254331 0.114032 
-0.168378 0.338639 -0.00250452 0.112418 
-0.160785 0.327537 0.00123555 0.116108 
-0.159948 0.317565 0.00195728 0.11161 
-0.152868 0.311821 0.00220192 0.114697 
-0.150466 0.308791 0.00261515 0.108216 
-0.146275 0.304069 0.000997859 0.109814 
-0.148261 0.29845 0.0023704 0.103988 
-0.145452 0.287912 0.00160496 0.0948755 
-0.142157 0.282965 0.00254147 0.0945934 
-0.135487 0.267794 -0.00468231 0.0835944 
-0.136121 0.270237 -0.000673373 0.0795382 
-0.137331 0.262435 -0.00117456 0.0715757 
-0.138967 0.265907 0.000300253 0.0704835 
-0.13594 0.249279 -0.000276538 0.0614745 
-0.13271 0.244884 0.00191794 0.0580423 
-0.13086 0.24007 0.00235688 0.0515854 
-0.132683 0.236128 0.00157498 0.0417542 
-0.128729 0.232766 0.00315907 0.0391955 
-0.127454 0.234901 0.00233572 0.0362143 
-0.125993 0.226594 0.000908866 0.0330955 
-0.126579 0.225804 0.00243246 0.0282647 
-0.125605 0.218053 -0.00067207 0.0197435 
-0.122499 0.213959 0.00105923 0.0133218 
-0.12164 0.207278 -0.00131327 0.00569469 
-0.12349 0.204025 -0.000506484 0.00168532 
-0.122806 0.198553 0.00147668 -0.00317954 
-0.120028 0.190372 0.000925316 -0.00930349 
-0.120714 0.18251 0.00107967 -0.0113858 
-0.119864 0.185831 0.00438216 -0.0140585 
-0.116097 0.183237 0.00206494 -0.0136471 
-0.115959 0.183852 0.00679115 -0.0149525 
-0.111136 0.172617 0.00277041 -0.0206222 
-0.109435 0.168298 -0.0010341 -0.0228879 
-0.107723 0.162077 -0.00260565 -0.0239234 
-0.107307 0.166399 -0.00206401 -0.0231407 
-0.108753 0.167254 0.000734629 -0.0242601 
-0.105437 0.160181 -0.000588958 -0.0226468 
-0.102257 0.15893 0.000963907 -0.02232 
-0.0968855 0.155087 0.00086349 -0.0275583 
-0.095109 0.152177 0.00173379 -0.0245213 
-0.0925688 0.153901 -0.000963393 -0.0253252 
-0.0913617 0.149923 -0.00141866 -0.024238 
-0.0930423 0.142917 -0.00285825 -0.0247029 
-0.0909416 0.140282 -0.00102483 -0.0172326 
-0.0890849 0.141353 0.00050163 -0.0240922 
-0.0870444 0.136423 -0.000903805 -0.0180812 
-0.0864312 0.1339 -0.000588706 -0.0180509 
-0.0840863 0.129647 -0.000334353 -0.0161193 
-0.0833002 0.128051 -0.000745727 -0.0168159 
-0.0827641 0.126682 0.00161586 -0.0160878 
-0.0811169 0.121898 0.000659626 -0.0142143 
-0.0785553 0.116898 -7.64383e-05 -0.013371 
-0.0778916 0.122324 0.00199686 -0.0109165 
-0.0774209 0.121977 0.000998097 -0.0110035 
-0.0789126 0.124298 0.00165065 -0.010314 
-0.069183 0.121326 -0.00263819 -0.00654904 
-0.0731638 0.103279 -0.0049023 -0.00214157 
-0.0687182 0.111703 -0.00096534 -0.0048817 
-0.0683824 0.114917 0.00143622 -0.00290535 
-0.0674779 0.11233 -0.000198268 -0.00329365 
-0.0650226 0.107656 0.000963463 -0.000438756 
-0.067114 0.103759 0.00220618 -0.000163559 
-0.0619472 0.0973584 -0.00175909 -0.00169291 
-0.0640436 0.0978051 -0.000813583 -0.00158058 
-0.0602187 0.0947616 -0.00159994 0.0041051 
-0.0563582 0.098345 0.000515286 0.00531143 
-0.0579332 0.0973359 0.00237551 0.0021989 
-0.0554913 0.0979671 0.00142314 0.00202063 
-0.0561829 0.0987486 0.00234526 0.00136752 
-0.05597 0.0905095 -0.000824244 0.00422271 
-0.0563145 0.0901053 0.000773054 0.00241562 
-0.0537145 0.0891908 0.000194373 0.00467294 
-0.0550888 0.0891663 0.000216038 0.00334314 
-0.0524093 0.0902114 0.00146291 0.00720538 
-0.051271 0.0872112 0.000756085 0.003549 
-0.0512913 0.0817971 -0.00112245 0.00502416 
-0.0475626 0.083882 -0.000505347 0.00544671 
-0.0490533 0.0797815 -0.00139361 0.00512092 
-0.0475849 0.0758447 3.25198e-05 0.00255364 
-0.0465294 0.0752822 5.36686e-05 0.00386505 
-0.0471544 0.0735017 0.000663005 0.00330172 
-0.044652 0.0695179 -0.00164722 0.00409411 
-0.0455832 0.0737451 0.000616077 0.00415526 
-0.0462459 0.065619 -0.00263076 0.00435217 
-0.0445722 0.0631875 -0.00331678 0.00513033 
-0.0403421 0.0654411 -0.00525798 0.00121222 
-0.0409064 0.0633307 -0.00414629 0.00332301 
-0.045066 0.0635053 -0.00127457 0.00308249 
-0.0425967 0.0669991 -0.000226976 0.00472878 
-0.042956 0.0615008 -0.00344474 0.00606204 
-0.0421668 0.0614645 -0.00260764 0.00539243 
-0.0423657 0.0669673 -0.000961195 0.00332597 
-0.0413527 0.0645977 -2.92673e-05 0.00235854 
-0.0409941 0.0686643 0.00163462 0.0031648 
-0.0430079 0.0670432 0.00148385 0.00287854 
-0.0440717 0.0602055 -0.000945942 0.00180176 
-0.0409266 0.0619248 -0.000712029 -0.000993157 
-0.0397761 0.0611794 -0.00245383 0.0004743 
-0.0390583 0.0615279 -0.000299529 0.000864992 
-0.0394744 0.061084 0.0013412 0.00185836 
-0.040544 0.0615445 0.00191927 -0.00129059 
-0.0390619 0.0605933 0.00233713 -0.000186266 
-0.0330333 0.0693726 0.00616947 0.000624847 
-0.036686 0.0533685 0.00116422 -0.00391434 
-0.0393227 0.0477581 -0.000838206 -0.000110518 
-0.0372518 0.0522974 0.000425682 -0.000377349 
-0.0357022 0.0457724 0.000127601 -0.00285 
-0.0341976 0.0514992 0.00184741 0.00153392 
-0.0325106 0.046438 0.00185038 -0.000527134 
-0.0330299 0.0513589 0.00397902 0.000978985 
-0.0335227 0.0442914 0.00326131 0.000912259 
-0.0308132 0.043585 0.00165688 -6.75337e-05 
-0.030084 0.0442287 0.00207775 0.000814057 
-0.0295485 0.0446224 0.00235942 0.000964778 
-0.0280725 0.04013 0.000480975 -0.000940359 
-0.0313231 0.050167 0.00524921 -0.00141038 
-0.0280337 0.0385509 -0.000285313 -0.00226543 
-0.0286695 0.029754 -0.00510891 -0.00246972 
-0.029918 0.0318983 -0.00248905 -0.00259026 
-0.0268242 0.0365043 -0.00127335 -0.00115721 
-0.0314191 0.0416605 0.00379312 -0.00115171 
-0.030123 0.0400263 7.69819e-05 -0.000454071 
-0.0284711 0.0422118 0.00173998 -0.00271457 
-0.0254398 0.0413966 0.00156902 -0.000365862 
-0.0262884 0.0423448 0.00312845 -5.69834e-06 
-0.020459 0.0445567 0.00376897 -0.00249094 
-0.0247491 0.0393148 0.00316132 0.00221339 
-0.0198654 0.0351194 -0.00117471 0.00226005 
-0.0217911 0.0502744 0.00807769 0.00079723 
-0.02209 0.0508773 0.00853787 0.000527175 
-0.0232803 0.0331751 0.000261264 -0.00255831 
-0.0164895 0.033154 -0.00213266 0.000733314 
-0.0201938 0.0341454 0.000892733 -0.00159373 
-0.0199249 0.0205806 -0.00543976 -0.00345135 
-0.0135612 0.0370052 -8.33615e-05 -0.00129679 
-0.01752 0.0351473 0.00117537 -0.000583819 
-0.0175009 0.0312392 -0.000799834 -0.000964842 
-0.0118041 0.0286859 -0.0017359 -0.000430569 
-0.0182164 0.0379553 0.00242385 -0.000938762 
-0.0236781 0.0331975 0.00595255 0.000206475 
-0.0175952 0.0326019 0.00228598 0.000258991 
-0.0173831 0.031323 0.00153859 -0.00121562 
-0.0176046 0.0280352 -5.31964e-05 -0.000632698 
-0.0163378 0.0271016 0.000680808 0.000867601 
-0.0193388 0.0270885 0.000987855 0.000952355 
-0.0171442 0.0213959 -0.00142392 -0.00168393 
-0.0187402 0.0202066 -0.00122445 -0.00303637 
-0.0179284 0.0198103 -0.00172028 -0.000707537 
-0.0194896 0.0198228 -0.000225205 -0.00198527 
-0.0193132 0.021223 0.000160937 -0.0013842 
-0.0207169 0.0220648 0.00047204 -0.000871119 
-0.0130484 0.0204562 -0.00132668 0.000961015 
-0.018383 0.0183395 -0.00116714 -0.00172014 
-0.0169928 0.017066 -7.77542e-05 0.00219238 
-0.01815 0.0219102 0.00189688 0.000681401 
-0.0163216 0.0211067 0.0014763 0.00217016 
-0.0142824 0.0187729 0.000737399 -0.00139689 
-0.0155436 0.0212521 0.00149052 -0.00113155 
-0.0141138 0.0183017 0.000109712 -0.000706711 
-0.0193312 0.0169349 0.00307216 0.0013226 
-0.0116239 0.0145295 -0.0011753 0.00102502 
-0.0112813 0.0162426 -0.000254553 0.000460118 
-0.00865299 0.0176755 -0.000601156 0.00113459 
-0.0101555 0.0159217 -0.000832063 0.00183711 
-0.0107385 0.0150355 -0.00113508 0.00125201 
-0.0107994 0.0163491 -0.000870795 0.00200294 
-0.00512933 0.0158709 -0.00386736 -0.000152251 
-0.00895808 0.0165199 -0.000170644 0.000344861 
-0.0307284 0.0150698 0.0116648 -0.000847732 
-0.00875691 0.0199269 0.00188129 -0.00079622 
-0.0212779 0.0108729 0.00591828 0.00202877 
-0.0091926 0.0138089 -0.000243483 5.59834e-05 
-0.0113688 0.0212235 0.00246626 -0.000909525 
-0.0118686 0.0121512 9.00182e-05 -0.000367065 
-0.00928698 0.0115232 0.000171253 -0.000283356 
-0.00859755 0.0107755 -0.00195396 -7.61875e-05 
-0.00871299 0.00975755 -0.00133332 -0.000176781 
-0.01002 0.0112168 -0.000270746 -0.00206173 
-0.00984134 0.0123227 0.00102436 -0.000477892 
-0.00858744 0.0133567 0.00080436 -0.000208781 
-0.00726258 0.0108991 1.64225e-05 0.00140659 
-0.0094914 0.0113314 0.000896456 0.00130344 
-0.0119745 0.00758075 0.00130178 -0.000569822 
-0.0100699 0.0094762 -2.86686e-05 -0.000472772 
-0.00802719 -0.00106374 -0.00581855 -0.000277027 
-0.00857809 0.0108251 -0.000198211 0.000680065 
-4.43042e-05 0.0142404 -0.00223945 -0.000627976 
-0.0124827 0.00869783 0.00140434 -0.000951907 
-0.00829462 0.00867596 -0.00162568 -0.00143823 
-0.00832997 0.0119518 0.000883008 -0.00151783 
-0.0142748 0.00886296 0.00274381 -0.00220402 
-0.00768554 0.00799776 -0.00169327 -0.000751615 
-0.00567055 0.00625432 -0.00256336 -0.000424083 
-0.00687276 0.00704257 -0.00197734 -0.000952014 
-0.00689563 0.00756311 -0.00129311 -0.00045907 
-0.00665228 0.00760149 -0.00139849 -0.000700893 
-0.00532845 0.00767666 -0.00122474 0.00103222 
-0.00680781 0.00666406 -0.00225863 -0.00114723 
-0.00702019 0.00906943 -0.000307772 -0.000713566 
-0.0144482 0.0109366 0.00354862 -0.000570671 
-0.0197636 0.0068222 0.00695299 0.00122367 
-0.0125606 0.00929488 0.00103374 -0.00161008 
0.00446956 0.0114332 -0.00567832 -4.04973e-05 
-0.00665734 0.0142236 0.00368129 0.000903019 
-0.00646944 0.00672991 -0.000214769 -7.72244e-05 
-0.00707625 0.00751656 0.000665088 0.000804733 
-0.00978589 0.00924135 0.00200146 0.0024466 
-0.00907149 0.00303669 -0.000697832 -0.000931526 
0.00111087 0.00258642 -0.00633151 0.00107758 
-0.0064471 0.00661307 -0.000363748 -0.000659921 
-0.00714553 0.00670534 -4.1541e-05 -0.000215118 
-0.00637952 0.00534646 -0.000584151 0.000250831 
-0.00869596 0.00266707 -0.00108599 0.00324762 
-0.00845078 0.00670866 0.000969839 0.000285439 
-0.00268492 0.00809363 -0.00154092 0.00119418 
-0.00732575 0.000702422 -0.00111473 -0.00140989 
-0.00683765 0.00298425 -0.000555961 0.00164678 
-0.00503453 0.00486345 -0.000824736 0.0019673 
-0.00515591 0.00798564 0.000612157 0.000224168 
-0.00421226 0.00330718 -0.00106487 0.00105644 
-0.00615332 0.0083738 0.00181302 0.00252361 
-0.00794959 0.00307014 2.67088e-05 0.000832624 
-0.00623351 0.0068621 0.000867778 -0.000190576 
-0.00340496 0.00842663 0.000686332 0.000235453 
-0.00468242 0.00637006 0.000259068 0.00138806 
-0.00431165 0.00491101 5.93253e-05 0.00085031 
-0.00483131 0.00715678 0.00116519 0.00150446 
-0.00408219 0.00542212 0.00032483 0.00132003 
-0.00409205 0.00619234 0.000482078 0.00106359 
-0.0041223 0.000685921 -0.00133357 0.00199911 
-1.5124e-05 0.00320971 -0.00347738 -0.000161594 
-0.00550626 0.00141312 -0.00158609 0.000573406 
-0.000366405 0.00864607 -0.00134937 2.04487e-05 
0.000146321 0.00665952 -0.0024683 0.000887564 
0.00507607 0.0130184 -0.00188761 0.000616783 
-0.00520032 0.00600986 0.00121101 0.000775928 
-0.00421352 0.00602776 0.00069212 0.00108021 
-0.00421198 0.00649742 0.000735555 0.000882675 
-0.0040352 0.00858257 0.00156772 -0.000548551 
-0.00298241 0.00580307 0.000203001 -0.000679155 
0.00484134 0.00770682 -0.00432968 -0.00134698 
-0.00407814 0.00157946 -0.00085838 -0.00064441 
0.00215241 0.00542619 -0.00380344 -0.000959896 
-0.00398564 0.0057745 0.00101845 0.000242648 
-0.002664 0.00359915 0.000177647 0.00153656 
-0.00373793 0.00541083 0.000453055 0.00135147 
0.0043266 0.00647211 -0.00380135 -0.000293757 
-0.00498065 0.00126603 -0.00119602 -0.00168555 
0.0132582 0.000876603 -0.00854467 -0.00143666 
0.00241292 0.0057059 -0.00387195 -0.00142071 
0.00133393 0.00697289 -0.00135951 -0.000166414 
-0.0043419 0.00545735 0.000887557 0.0015116 
-0.00253471 0.00475503 0.000160063 -0.00118742 
-0.00373262 0.00565783 0.000588406 -0.00104876 
-0.00295819 0.004782 0.000728794 -0.000786798 
-0.0077563 0.00505351 0.000261095 -0.00250672 
0.000399521 -9.11339e-05 -0.00101408 -0.000494156 
-0.00803267 0.00143882 0.00102109 -0.000644497 
-0.0020185 0.00204889 -0.00241531 -0.00134668 
0.00108352 0.000501858 -0.000523976 0.000180482 
