1 0 
1.91576 1.01966 
1.90865 1.02009 
1.9127 1.01862 
1.92508 1.01826 
1.93997 1.01921 
2.00739 1.01822 
2.04497 1.01507 
2.05167 1.00975 
2.02521 0.997561 
2.00638 0.9862 
1.97477 0.957579 
1.96324 0.950658 
1.92758 0.935976 
1.88598 0.922276 
1.88132 0.910054 
1.83883 0.880084 
1.83643 0.858971 
1.76214 0.802155 
1.75543 0.770237 
1.6858 0.744925 
1.6501 0.716949 
1.59634 0.682278 
1.50196 0.617318 
1.44305 0.571175 
1.38707 0.554005 
1.30091 0.485639 
1.23168 0.433317 
1.23319 0.416854 
1.209 0.401448 
1.16478 0.357122 
1.10674 0.317424 
1.10381 0.297611 
1.10455 0.288974 
1.08327 0.2613 
1.04709 0.194094 
1.00539 0.161085 
0.983964 0.139786 
0.95105 0.118313 
0.928051 0.122043 
0.922507 0.102449 
0.90525 0.0985134 
0.857691 0.0794372 
0.859439 0.0629172 
0.833818 0.0579387 
0.815211 0.064329 
0.800275 0.050673 
0.789505 0.0480035 
0.778233 0.0476181 
0.762838 0.0524474 
0.723395 0.0759464 
0.721848 0.0819172 
0.695923 0.092578 
0.65615 0.0985574 
0.643786 0.105114 
0.616902 0.103525 
0.606833 0.104111 
0.575967 0.104996 
0.565282 0.103939 
0.55875 0.101748 
0.554096 0.0994713 
0.546616 0.0978627 
0.546249 0.0946041 
0.52376 0.0927613 
0.52372 0.0887223 
0.515951 0.0840626 
0.511469 0.0793218 
0.502285 0.0774803 
0.484041 0.0733165 
0.499365 0.0675328 
0.486646 0.0631553 
0.478167 0.0572725 
0.49335 0.0535011 
0.480394 0.0504848 
0.472306 0.0421915 
0.463354 0.0362602 
0.43817 0.0319088 
0.437842 0.0260799 
0.430458 0.0218112 
0.423355 0.0168076 
0.418502 0.0151414 
0.418945 0.0131145 
0.407029 0.0100833 
0.401733 0.00842856 
0.403727 0.00748568 
0.396905 0.00740463 
0.395867 0.0078045 
0.395657 0.00831109 
0.386928 0.0103452 
0.377431 0.0176418 
0.359028 0.0186173 
0.349055 0.0192848 
0.347183 0.0193763 
0.330104 0.019072 
0.330258 0.0200378 
0.331066 0.020589 
0.334779 0.0224938 
0.336077 0.0228235 
0.333 0.0224512 
0.330098 0.0220666 
0.326666 0.0224454 
0.322146 0.0226927 
0.310278 0.0225609 
0.301397 0.0201024 
0.309377 0.0209428 
0.297934 0.0201312 
0.299141 0.0185267 
0.298399 0.0185667 
0.309874 0.0186253 
0.284825 0.0170802 
0.286639 0.0145699 
0.275717 0.012198 
0.276724 0.0133986 
0.270948 0.0146475 
0.265696 0.0122435 
0.257086 0.00974636 
0.242905 0.00947403 
0.237639 0.0086325 
0.242325 0.00599036 
0.222708 0.00558505 
0.22428 0.0043912 
0.227413 0.00463074 
0.222928 0.00549574 
0.21661 0.00288244 
0.221066 0.00309435 
0.208882 0.00299813 
0.227468 0.00260494 
0.221682 0.00263745 
0.21903 0.00231975 
0.216355 0.00153598 
0.208407 0.00191061 
0.204889 0.00174849 
0.197149 0.00215957 
0.194169 0.00311362 
0.185638 0.00351125 
0.163921 0.00300945 
0.184796 0.00523166 
0.172004 0.00380744 
0.163319 0.00442263 
0.164144 0.0051795 
0.167759 0.00641266 
0.157086 0.00571883 
0.154267 0.00507068 
0.157271 0.00485646 
0.15425 0.00718111 
0.159325 0.00638633 
0.153477 0.0052823 
0.152528 0.00422968 
0.158002 0.00568798 
0.149021 0.00553406 
0.148493 0.00430994 
0.146267 0.00480856 
0.137042 0.00478984 
0.1349 0.00373026 
0.136088 0.0045118 
0.135184 0.00347535 
0.135207 0.00273016 
0.143597 0.0027529 
0.132849 0.00339858 
0.124594 0.00337875 
0.131867 0.00421393 
0.131624 0.00331265 
0.135713 0.00276866 
0.130954 0.0031812 
0.124778 0.00194395 
0.126386 0.00199233 
0.129095 0.00177083 
0.130869 0.000772957 
0.126419 0.000485878 
0.1191 0.000597341 
0.117153 0.00226818 
0.111307 0.000220198 
0.119109 0.000483828 
0.122609 0.00252275 
0.0961624 0.000792427 
0.10768 0.00234008 
0.0958943 0.00172657 
0.0987518 0.00171018 
0.0958783 0.00270899 
0.095309 0.00212085 
0.085962 0.00146664 
0.077819 0.00172807 
0.0854745 0.00113365 
0.0836031 0.00107401 
0.080722 0.000937262 
0.082369 0.00194549 
0.079243 0.0012001 
0.0742312 0.0015164 
0.0794848 0.00220121 
0.0903024 0.00142404 
0.0974656 0.00306148 
0.085009 0.00241895 
0.0818797 0.0020721 
0.0842517 0.000948635 
0.07468 0.0017095 
0.0715711 0.00160124 
0.0717754 0.00170993 
0.057984 0.00200191 
0.0700254 0.00137304 
0.0683104 0.00105445 
0.0570948 0.000486591 
0.08553 0.000941973 
0.100397 0.00206292 
0.0825449 0.00185506 
0.0695106 0.00207954 
0.0607113 0.000864522 
0.0825651 0.00239459 
0.065582 0.000536922 
0.0657331 0.000811362 
0.0645441 0.000822977 
0.0648451 0.000801936 
0.0577785 0.000497137 
0.0598289 0.000904998 
0.06767 0.00149705 
0.0614217 0.000479572 
0.0488084 0.000830789 
0.0494257 0.000830085 
0.0482355 0.00107616 
0.0405487 0.000469042 
0.0448491 0.000802714 
0.043149 0.000566593 
0.045592 0.000789686 
0.0474391 0.00041886 
0.0458106 0.00148693 
0.038646 0.00104854 
0.0402845 0.00251581 
0.0362015 0.000920855 
0.0340184 0.000839465 
0.037393 0.000400923 
0.0363717 0.00149503 
0.0317861 0.00202511 
0.0400468 0.00150578 
0.0258942 0.00177159 
0.0364129 0.0020107 
0.0362732 0.00163738 
0.0361389 0.00189047 
0.0337172 0.00156646 
0.0358666 0.00054502 
0.0239621 0.0018643 
0.0324781 0.000907494 
0.0310768 0.000658972 
0.0385635 0.00160505 
0.0233328 0.00127456 
0.0317132 0.00220263 
0.0324369 0.000985806 
0.0299231 0.00062121 
0.0314124 0.00149208 
0.0291924 0.00116043 
0.0414379 0.00211574 
0.0245422 0.00142909 
0.0280017 0.00104758 
0.0581499 0.00159307 
0.0575859 0.00188852 
0.027265 0.000916587 
0.0439766 0.000497231 
0.0456549 0.000250053 
0.0372388 0.00147168 
0.0337771 0.00201825 
0.0308669 0.00131588 
0.0497411 0.00100376 
0.0256154 0.000241057 
0.0412268 0.00177687 
0.045974 0.00185395 
0.0458553 0.00174696 
0.0287067 0.000504769 
0.0272002 0.000427175 
0.0315135 0.00162391 
0.029217 0.00083797 
0.0261415 0.00178989 
0.0289225 0.00102119 
0.026322 0.00178062 
0.0295365 0.000480713 
0.0300361 0.00134808 
0.0281744 0.00177675 
0.0273262 0.00155006 
0.0163926 0.000471151 
0.0216281 0.00102322 
0.0197356 0.00101324 
0.024113 0.000775809 
0.0221173 0.00148685 
0.022325 0.000316822 
0.0219097 0.000612555 
0.0142738 0.000499164 
0.0284615 0.000802739 
0.015372 0.00151544 
0.0169032 0.00073607 
0.0167785 0.000638731 
0.0149418 0.000911031 
0.0169541 0.000347109 
0.011762 0.00113489 
0.026883 0.000942971 
0.0259308 0.00139165 
0.0342186 0.000803323 
0.0191814 0.0014123 
0.0213885 0.000673794 
0.0195489 0.0011413 
0.0177767 0.00167947 
0.0127937 0.000766553 
0.0153348 0.00064943 
0.027212 0.00126872 
0.023853 0.0012892 
0.0241613 0.000811124 
0.0245569 0.00194949 
0.0264733 0.000291822 
0.0144861 0.0006926 
0.0239316 0.00106255 
0.0383014 0.000813131 
0.0312678 0.000366755 
0.0107288 0.00035879 
0.0138594 0.00183846 
0.0159772 0.00112642 
0.0124855 0.000811549 
0.0335772 0.000827941 
0.0241139 0.000598132 
0.0230751 0.000235415 
0.0408857 0.000642125 
0.0428988 0.000502182 
0.0116795 0.000541992 
0.0185391 0.000471378 
0.0163043 0.00167071 
0.00937065 0.000383781 
0.0119227 0.000434616 
0.0145034 0.000369889 
0.0196296 0.00061855 
0.0212102 0.00209887 
0.0143123 0.00239349 
0.0098953 0.000921306 
0.0241112 0.00115175 
