-0.375 -0.216506 0.25 0 
-0.748974 -0.268501 -0.00620076 1.52949 
-0.742379 -0.276261 0.0025039 1.53014 
-0.743647 -0.278784 0.00540857 1.52793 
-0.748504 -0.279062 0.00228386 1.52739 
-0.75263 -0.294159 0.00139804 1.52881 
-0.77581 -0.351108 0.00482267 1.52733 
-0.790985 -0.369333 0.00880626 1.5226 
-0.800626 -0.366566 0.00590741 1.51463 
-0.781238 -0.372689 0.0221621 1.49634 
-0.770794 -0.356459 0.0221814 1.4793 
-0.749358 -0.348216 0.0267534 1.43637 
-0.742641 -0.342513 0.0212461 1.42599 
-0.722106 -0.332111 0.032221 1.40396 
-0.703167 -0.327321 0.0323004 1.38341 
-0.704584 -0.302718 0.018799 1.36508 
-0.683829 -0.287198 0.0192627 1.32013 
-0.682615 -0.28321 0.0173899 1.28846 
-0.651277 -0.277083 0.0198349 1.20323 
-0.655243 -0.250063 0.00206523 1.15535 
-0.621366 -0.232878 0.0169047 1.11739 
-0.60155 -0.217895 0.0174174 1.07542 
-0.577338 -0.199738 0.0152521 1.02342 
-0.526859 -0.160157 0.00413006 0.925977 
-0.500467 -0.137178 -0.00225954 0.856762 
-0.47805 -0.134751 0.0021559 0.831008 
-0.440064 -0.108453 -0.00520627 0.728459 
-0.407249 -0.093602 -0.00720062 0.649975 
-0.402237 -0.0954303 -0.00335389 0.625282 
-0.389388 -0.0880784 -0.00476487 0.602172 
-0.364497 -0.0813045 -0.00295287 0.535683 
-0.330139 -0.0852909 -0.00221662 0.476136 
-0.325454 -0.0855634 0.00101976 0.446417 
-0.328193 -0.0868714 -0.00220551 0.433461 
-0.312964 -0.103794 0.004869 0.391951 
-0.282571 -0.104073 -0.00214568 0.291142 
-0.264464 -0.10974 0.00255453 0.241628 
-0.255073 -0.105231 0.0020058 0.209679 
-0.238889 -0.10683 0.00181205 0.174282 
-0.228539 -0.109393 0.00205155 0.168687 
-0.219305 -0.105892 0.0019988 0.139294 
-0.208311 -0.105662 0.000860161 0.116872 
-0.184253 -0.110052 0.000270079 0.0297859 
-0.183636 -0.123919 0.00347534 0.00907402 
-0.17474 -0.123408 0.00256147 -0.0155261 
-0.167251 -0.126976 0.00245414 -0.0251328 
-0.161983 -0.118298 0.00120417 -0.0456196 
-0.157322 -0.115559 0.00107783 -0.0520945 
-0.146534 -0.102415 -0.00329243 -0.0714271 
-0.145599 -0.11148 -0.00101621 -0.0786712 
-0.128461 -0.115697 -0.000558621 -0.11392 
-0.129208 -0.115514 -0.00287899 -0.122876 
-0.119674 -0.125658 0.00401156 -0.138867 
-0.108405 -0.117048 0.00256995 -0.147836 
-0.102087 -0.106404 0.00181947 -0.157671 
-0.0926324 -0.102183 5.41507e-05 -0.155287 
-0.089031 -0.103423 -0.00046419 -0.156167 
-0.0847069 -0.100479 -0.000914061 -0.157493 
-0.0830871 -0.0993957 0.0012329 -0.155908 
-0.0829867 -0.105604 0.000923293 -0.152622 
-0.0861594 -0.100515 0.00152817 -0.149207 
-0.0835558 -0.105349 0.00264107 -0.146794 
-0.0816028 -0.109286 0.00464138 -0.141906 
-0.0832513 -0.0996195 -0.00204413 -0.139142 
-0.081157 -0.0974776 -0.000143629 -0.133083 
-0.084368 -0.0990547 -3.6207e-05 -0.126094 
-0.0874338 -0.101505 -0.000362015 -0.118983 
-0.086208 -0.0967237 -0.000376546 -0.11622 
-0.0842734 -0.0860033 -0.00415534 -0.109975 
-0.0900159 -0.0918121 0.00140261 -0.101299 
-0.0884428 -0.0867329 0.000353075 -0.0947329 
-0.0930592 -0.0837081 -0.00118272 -0.0859087 
-0.0931061 -0.0907701 0.00556277 -0.0802516 
-0.0974328 -0.0834996 0.00056452 -0.0757272 
-0.0967668 -0.0806192 0.00166396 -0.0632873 
-0.0904753 -0.0792063 -0.000382171 -0.0543903 
-0.0884398 -0.0671078 -0.000613899 -0.0478632 
-0.0919495 -0.0663791 -0.00159748 -0.0391199 
-0.0899141 -0.0621847 -0.000173936 -0.0327168 
-0.0884047 -0.0547632 0.000434873 -0.0252113 
-0.0902207 -0.0548976 -0.000456947 -0.0227121 
-0.0886091 -0.0587177 -0.000412975 -0.0186765 
-0.0869225 -0.0521916 -0.00113029 -0.00776355 
-0.0877924 -0.0525613 0.000136346 -0.00320846 
-0.0902275 -0.0536524 -0.00203123 0.00314512 
-0.090259 -0.0472231 -0.0011027 0.00614983 
-0.0928406 -0.0469578 -0.00180378 0.00930852 
-0.0933392 -0.045029 -0.000723735 0.0124666 
-0.0894728 -0.0431623 -0.000241527 0.0155179 
-0.0920021 -0.0397426 0.00019462 0.0264627 
-0.0859505 -0.0347081 -0.000169351 0.027926 
-0.0842154 -0.0317008 -0.00199802 0.0289272 
-0.0842029 -0.0304177 -0.00151663 0.0290645 
-0.081613 -0.02256 -0.00548705 0.028608 
-0.0781867 -0.0301892 1.88277e-05 0.0300567 
-0.0789442 -0.0311281 -0.000105792 0.0308836 
-0.0823162 -0.0337724 0.000664966 0.0337407 
-0.0824403 -0.0341431 0.00147174 0.0342352 
-0.0829194 -0.0331697 0.000922164 0.0336768 
-0.0796972 -0.0350265 0.00181828 0.0330999 
-0.0799075 -0.0329317 -0.00105667 0.0336682 
-0.0782355 -0.034798 -0.00064289 0.0340391 
-0.0779387 -0.0321448 -0.00121557 0.0338414 
-0.0709681 -0.0257446 -0.00247579 0.0301536 
-0.0730675 -0.0298085 -0.000749053 0.0314142 
-0.0681829 -0.0253181 -0.00369578 0.0301968 
-0.0740229 -0.0344752 0.000456445 0.0277901 
-0.0721617 -0.0336239 0.00195184 0.02785 
-0.0690773 -0.0390118 0.0063997 0.0279379 
-0.0670372 -0.032318 -0.00085883 0.0256202 
-0.0653845 -0.0366734 0.00262203 0.0218548 
-0.061994 -0.0306749 -0.000134304 0.0182969 
-0.0676848 -0.0316626 0.000741901 0.0200979 
-0.0644278 -0.0311866 0.00101372 0.0219712 
-0.0618824 -0.0279311 0.000309021 0.0183652 
-0.0593032 -0.0285577 0.00039187 0.0146195 
-0.0557911 -0.025609 -0.000335457 0.014211 
-0.0523009 -0.021943 0.000785291 0.0129487 
-0.0494009 -0.0294265 0.00512083 0.00898555 
-0.0438064 -0.0153204 -0.0032924 0.00837758 
-0.0477327 -0.024956 -0.000332649 0.0065868 
-0.0487472 -0.0267592 0.000684232 0.00694611 
-0.044116 -0.0228888 -0.00137877 0.00603022 
-0.041948 -0.0209664 -0.0019754 0.00225507 
-0.042002 -0.023256 -0.000293647 0.00257302 
-0.0382048 -0.0196068 -0.00458413 -0.000284239 
-0.0399743 -0.0312355 0.00446809 -0.000734349 
-0.0380372 -0.0281135 0.00184225 -0.00395617 
-0.0470536 -0.0249128 0.00127485 0.000133977 
-0.0459102 -0.0233658 0.000803921 -0.00104173 
-0.0429168 -0.0272521 0.00193481 -0.000223401 
-0.039667 -0.0292941 3.03017e-05 -0.00232494 
-0.0398008 -0.0254545 -0.000571513 -0.00323935 
-0.040119 -0.0261145 0.00100892 -0.00467043 
-0.037363 -0.024724 0.00268335 -0.00526688 
-0.0400625 -0.0122935 -0.00800041 -0.00451417 
-0.0350043 -0.0240633 6.57316e-06 -0.00784749 
-0.0328473 -0.0159408 -0.00194895 -0.00571115 
-0.0321622 -0.0199818 -0.00143626 -0.00663395 
-0.0313989 -0.0154868 -0.00132915 -0.00776925 
-0.0306948 -0.017248 0.00104742 -0.00961899 
-0.0281039 -0.0147771 -0.00076669 -0.00857824 
-0.026818 -0.0171739 -0.00251799 -0.00760602 
-0.0279352 -0.0190861 -0.000290601 -0.00728469 
-0.0285167 -0.0132008 -0.00156921 -0.0107717 
-0.029303 -0.0160869 0.000128763 -0.00957949 
-0.0295761 -0.0159418 -0.000212108 -0.00792345 
-0.0274898 -0.0191465 0.000646422 -0.00634452 
-0.0281465 -0.0222251 0.002799 -0.00853197 
-0.0265 -0.0189348 0.000859798 -0.00830109 
-0.0303617 -0.0170223 -0.000161791 -0.00646492 
-0.0270469 -0.0167764 -0.000104708 -0.00721284 
-0.0218186 -0.0109464 -0.00165253 -0.00718477 
-0.0222867 -0.00997814 -0.00129647 -0.00559539 
-0.0188751 -0.00671973 -0.00270279 -0.0067677 
-0.0225698 -0.0154509 0.00213583 -0.00521303 
-0.0261662 -0.0162891 0.00153779 -0.00409524 
-0.0263613 -0.0224155 0.00238853 -0.00412935 
-0.0246434 -0.0167024 0.00167138 -0.00509787 
-0.0219057 -0.0122609 -0.00213704 -0.00506812 
-0.0194268 -0.0150893 0.00124946 -0.0063209 
-0.0268048 -0.0165771 0.000725267 -0.00496897 
-0.0274418 -0.0187368 0.00210002 -0.004153 
-0.0222925 -0.0124081 -0.000735943 -0.0047718 
-0.0254653 -0.014208 -0.000113685 -0.00291592 
-0.0282146 -0.0147715 -0.00107388 -0.00298849 
-0.0305196 -0.0174348 0.00035411 -0.00265624 
-0.0300218 -0.0182778 0.00293129 -0.00115944 
-0.0254394 -0.0135833 -0.000206467 -0.000728818 
-0.02806 -0.0146723 0.000679268 0.000896011 
-0.0261251 -0.0135463 0.000314904 -0.00228209 
-0.0207333 -0.00671836 -0.00219081 9.29437e-05 
-0.033487 -0.0163726 0.00180543 0.000432285 
-0.0294589 -0.0178311 0.00276186 3.85017e-05 
-0.0263206 -0.00201326 -0.00806697 0.000819688 
-0.0268451 -0.00859522 -0.000329627 0.00351011 
-0.0162495 -0.0017586 -0.00145467 0.00258986 
-0.0189277 -0.00478062 -0.00113648 0.00229234 
-0.0190563 -0.00328736 -0.00116046 0.00406349 
-0.0179459 -0.00365397 -0.00152014 -7.70705e-05 
-0.0182168 0.00119019 -0.00257058 0.00219996 
-0.0170197 0.00325561 -0.00201325 0.000381565 
-0.0179505 -0.00204773 -0.0014256 0.00170048 
-0.0171128 -0.00102237 -0.00136582 0.00157347 
-0.0150251 -0.00146814 -0.00255905 -0.00140589 
-0.0134456 0.00177866 -0.00370159 0.00041789 
-0.0147285 0.00299494 -0.00345066 0.00180014 
-0.0167918 -0.000293559 -0.00266336 0.00227459 
-0.0178487 -0.00336138 -0.00186025 0.00330181 
-0.0135602 -0.00451574 -0.00069667 0.00213607 
-0.0192651 -0.00937215 0.0055602 0.00459222 
-0.0202552 -0.00453572 0.00029767 0.00362842 
-0.0199597 -0.00624073 -0.00174312 0.00310816 
-0.0182312 -0.00178247 -0.00060803 0.00142295 
-0.01649 -0.00293742 -0.00093946 0.00256426 
-0.0162122 -0.00127367 -0.000898926 0.00201683 
-0.015863 0.00179198 -0.00161919 0.0025649 
-0.0160511 0.00551867 -0.00244132 0.00300287 
-0.0159132 -0.00177642 -0.00090971 0.00205955 
-0.0138599 -0.000154441 -0.00153811 -0.000916281 
-0.0138652 0.00205371 -0.00371102 0.000481256 
-0.0301859 -0.00984134 0.00071397 0.0014111 
-0.0317274 -0.0235597 0.00716325 0.00309437 
-0.0281427 -0.0176939 0.00283966 0.00278259 
-0.00886257 0.00311659 -0.00360441 0.00211116 
-0.0145942 -0.00359785 -0.00115746 0.00129678 
-0.0161113 -0.0144661 0.00469223 0.00359188 
-0.0175506 -0.00273071 -0.00127726 -0.000805383 
-0.0151284 -0.000315792 -0.00228167 -0.00094762 
-0.0193938 -0.00478556 -0.00100575 0.00123447 
-0.0177906 -0.00721472 -0.000417977 0.0012029 
-0.0168955 -0.00340357 -0.00291914 0.000745705 
-0.016119 0.000111374 -0.00265742 -0.00020063 
-0.0157188 -0.00410325 -0.000239098 0.000687186 
-0.0162959 -0.00334046 -0.000720375 0.00044219 
-0.012188 0.000117189 -0.00010698 -0.00033985 
-0.0132151 -0.00196788 -0.000711273 0.00124513 
-0.00801099 0.000733806 -0.00186504 0.00122778 
-0.00945809 -0.00145009 -0.00176114 -0.000503415 
-0.00839144 -0.00204864 -0.000837153 0.000188495 
-0.00474745 -0.00309445 -0.00108756 -0.00050383 
-0.00885964 -0.00180717 -0.000728749 -0.000788021 
-0.00781784 -0.00198252 0.000134817 -0.00062829 
-0.00913622 -0.00255327 0.000474584 -0.00223039 
-0.00706674 -0.00336588 -0.00150611 -0.00157281 
-0.00927468 -0.000835645 -0.000549198 -0.00377371 
-0.0107734 0.00164367 -0.000998735 0.00138128 
-0.00996844 0.0028731 0.000699314 0.000827904 
-0.00891077 -8.16117e-05 -0.000467272 -0.000600305 
-0.00731643 -0.000302997 -0.000454959 -0.00224255 
-0.00656054 0.00262972 -0.00134277 -0.00303767 
-0.0127805 -0.00846516 0.00134 0.00123551 
-0.00803151 0.000703463 -0.000269818 2.76353e-05 
-0.00654547 -0.00214444 0.000924118 -0.00301605 
-0.00776949 -0.00225388 0.00079866 -0.00245607 
-0.00757289 -0.00358371 0.000979722 -0.00283571 
-0.00890222 -0.00241018 0.000129905 -0.00234969 
-0.0110767 -0.00794951 0.00127141 -0.000817531 
-0.0051964 0.00480209 -0.0039084 0.00236947 
-0.00457959 0.000290049 -0.00123787 -0.00136124 
-0.00424234 0.000991206 -0.00148246 -0.000988458 
-0.0122949 -0.00750213 0.000387713 -0.000157654 
-0.00907419 0.000723981 -0.000707525 -1.85199e-05 
-0.00943762 -0.00486648 0.00137526 -0.00330395 
-0.00948553 -0.00324716 -2.42076e-05 -0.000651262 
-0.0089734 -0.000370425 -0.000628027 -0.000460482 
-0.00573898 2.65008e-05 -0.00118804 0.00177917 
-0.00864498 -0.00169165 0.000229466 -0.00174065 
-0.0154877 -0.00515083 0.000864562 0.00317361 
-0.00672488 -0.00124117 -0.0014715 0.000964488 
-0.00817231 -0.0011636 -0.000903495 -0.00157138 
-0.0212053 -0.0149716 0.00541019 0.000554637 
-0.0211244 -0.014577 0.00485719 0.000111494 
-0.00770228 -0.0015484 -0.000719296 -0.00137488 
-0.00870038 -0.00851801 0.00421292 0.000555937 
-0.00949011 -0.00830701 0.00466783 0.000185605 
-0.0127084 -0.00686965 0.00139843 0.00220086 
-0.0130707 -0.00430313 -0.00117124 0.00138083 
-0.0101307 -0.00683885 0.000787355 0.00197382 
-0.0183729 -0.010636 0.00373409 0.000297983 
-0.0079141 -0.00152957 -0.000798464 0.000361585 
-0.0159847 -0.00825968 0.00181172 0.0026653 
-0.0148661 -0.0113403 0.0027825 0.00165786 
-0.0162217 -0.0113893 0.00321879 0.00181836 
-0.00831354 -0.00287501 0.000426326 -4.49696e-05 
-0.007637 -0.0021038 -0.000459946 7.13608e-05 
-0.00778271 -0.00438013 0.00138292 0.00243587 
-0.00912859 -0.000692665 8.34358e-05 0.000705483 
-0.00811394 -0.000708102 3.19495e-05 0.00226843 
-0.00759509 -0.0010092 -0.000191399 0.0010694 
-0.00447771 0.00203799 0.000216128 0.000271918 
-0.00678475 -0.00335216 -0.000140657 0.000171782 
-0.00693096 -0.0032232 0.00189787 0.00202212 
-0.00700109 -0.00223553 0.00195692 0.00266513 
0.00268211 0.00173441 -0.000603458 0.0023251 
-0.00142661 0.00214901 -0.000966494 0.000706727 
-0.00220419 -0.000831123 -0.000595184 0.00153482 
-0.00242537 -0.00116127 0.000327345 0.00151987 
0.000652306 -0.0011358 0.000954509 0.000965224 
-0.000486969 -0.000600793 -0.000767009 0.00223027 
-0.000610907 0.000995793 -0.000192965 0.000475233 
-0.00381431 -0.00204154 0.00117423 0.000469711 
-0.00108824 0.00218569 -0.00205518 -0.000748746 
0.00406869 0.00478271 -0.00103842 0.00120411 
-0.000377713 -0.00147167 -0.00065792 0.00227316 
-0.000287335 -0.00264812 0.0010387 -0.000228515 
-0.00010108 -0.00258634 0.000866684 -8.24686e-05 
-0.000939451 0.00070647 -0.00102259 0.00136655 
-0.00360278 -0.000891291 0.000997133 -0.000520663 
-0.0014943 0.000887293 -0.00110682 -0.00117175 
-0.000733076 0.00538305 -0.00103455 -0.00141446 
-0.000222532 0.00590805 -0.0014589 -0.00208748 
0.00323172 0.00947876 -0.00247946 0.00120498 
-0.00698156 0.000790476 -0.000501891 -0.00211845 
0.000175092 0.00289742 -0.00108259 -0.00101069 
-0.00377575 -0.000293816 0.00114512 -0.00171196 
-0.00325022 0.000581845 0.000609279 -0.0025192 
-0.00188091 0.000253653 0.000697998 -0.000161771 
-0.00259377 0.00133553 0.00135289 -0.000974145 
-0.00214327 0.00410858 0.000129654 -0.00190308 
-0.0026692 0.00563099 -0.00154082 -0.0019338 
0.00119509 0.00727978 -0.0010266 -0.00121669 
-0.000171337 0.00812946 -0.005938 -0.00292424 
0.000165664 0.00493301 -0.000100896 0.000138235 
-0.00285156 0.00180757 0.000505925 -0.0010389 
0.00226083 0.00595726 -0.00179244 0.00040131 
0.00675812 0.0129732 -0.00576587 -0.0012197 
0.0031114 0.0107168 -0.00307102 -0.000550132 
-0.00160232 0.00040236 -0.000477997 8.3493e-05 
-0.000306511 -0.00075534 0.000155304 0.00122337 
-0.00281888 4.11194e-05 0.000854803 -0.00168964 
-0.00254504 0.00225487 0.000468769 0.00121732 
0.00369224 0.0102614 -0.00282957 -0.00024474 
0.00208952 0.00583328 -0.00193359 -0.000589313 
0.00272384 0.00656149 -0.00244516 -4.50393e-05 
0.00544952 0.0130704 -0.0022319 6.02344e-05 
0.00494244 0.0120348 -0.00238249 -0.000753273 
-0.0035934 -0.00114482 -0.000523338 0.000750831 
-0.00502228 -0.00699073 0.000648906 -0.000707067 
0.00147205 0.00483788 -0.00149492 -0.00250606 
-0.00340589 4.72433e-05 -0.00125689 0.000575671 
-0.00312011 -0.00134114 -0.000400337 0.00042365 
-0.00335398 -0.00259116 0.000603859 0.000520665 
-0.000511861 -0.000145831 -0.000432585 3.35567e-05 
-0.00151189 -0.00230052 0.00301787 -0.00314831 
-0.00163853 0.000927047 0.000955664 -0.00359023 
-0.00345022 -0.00230387 -0.000993034 -0.00110096 
-0.00182557 0.00643928 -0.000713643 0.00172762 
