-0 1.5 -0.5 -0 0.866025 0.5 1 0 -2.96494 -0 0 2.85922e-07 
-1.0158 1.5 -1 1.01236 0.866025 1 -0.0120723 0 -2.73898e-08 0.500478 0 0.5 
-0.989424 1.5 -1 0.995366 0.866025 1 0.0151768 0 5.41096e-06 0.500397 0 0.5 
-0.992311 1.5 -0.999983 0.990294 0.866025 1.00001 0.0149255 0 0.000772615 0.500393 0 0.499997 
-1.00824 1.5 -0.99981 0.996998 0.866025 1.00016 0.00267046 0 0.00166807 0.499656 0 0.499881 
-1.007 1.5 -0.998619 0.964575 0.866025 1.00116 0.00580415 0 0.00339076 0.499871 0 0.499079 
-1.02519 1.5 -0.995012 0.878627 0.866025 1.0039 0.0249636 0 0.004073 0.500636 0 0.49709 
-1.03117 1.5 -0.991649 0.829593 0.866025 1.00617 0.0428673 0 0.00399091 0.500628 0 0.49555 
-1.06537 1.5 -0.977278 0.789044 0.866025 1.01473 0.0481253 0 0.00355671 0.499633 0 0.489809 
-1.06543 1.5 -0.966889 0.797777 0.866025 1.02192 0.0489609 0 0.00562941 0.499533 0 0.484343 
-1.04717 1.5 -0.955061 0.758629 0.866025 1.02737 0.0959075 0 0.00377256 0.495676 0 0.481183 
-1.04498 1.5 -0.922743 0.803531 0.866025 1.04347 0.0801799 0 0.00242443 0.490271 0 0.470897 
-0.985858 1.5 -0.876573 0.842744 0.866025 1.06245 0.0816124 0 -0.000746765 0.473371 0 0.459598 
-0.98375 1.5 -0.837987 0.852601 0.866025 1.08733 0.0823906 0 0.00204005 0.473265 0 0.439709 
-0.930586 1.5 -0.808497 0.884214 0.866025 1.09619 0.0848339 0 -0.000839077 0.459135 0 0.434923 
-0.871201 1.5 -0.780632 0.883234 0.866025 1.10815 0.109537 0 -0.00157968 0.451949 0 0.426218 
-0.864006 1.5 -0.747099 0.974482 0.866025 1.12298 0.0552964 0 -0.00218357 0.442367 0 0.414724 
-0.813386 1.5 -0.71482 1.00912 0.866025 1.13535 0.0484135 0 -0.00327052 0.428179 0 0.405244 
-0.807738 1.5 -0.656559 1.02475 0.866025 1.15826 0.0377576 0 -0.00468437 0.416703 0 0.385966 
-0.731285 1.5 -0.595657 1.02862 0.866025 1.18505 0.0435536 0 -0.00523467 0.397475 0 0.359995 
-0.683211 1.5 -0.550142 1.02372 0.866025 1.19668 0.0521284 0 -0.0069858 0.388066 0 0.350051 
-0.691495 1.5 -0.511921 1.10008 0.866025 1.20911 0.00293915 0 -0.00769941 0.372893 0 0.33712 
-0.59269 1.5 -0.432499 1.13305 0.866025 1.23243 0.0392647 0 -0.00908272 0.347939 0 0.310461 
-0.584597 1.5 -0.401608 1.14648 0.866025 1.24509 0.0405138 0 -0.0092419 0.347878 0 0.293868 
-0.477179 1.5 -0.351002 1.20557 0.866025 1.25288 0.0383814 0 -0.0103655 0.315943 0 0.283112 
-0.368291 1.5 -0.23788 1.28737 0.866025 1.27948 -0.0013447 0 -0.0117557 0.288849 0 0.238095 
-0.270826 1.5 -0.228415 1.34341 0.866025 1.27687 -0.0239062 0 -0.0119514 0.263184 0 0.241352 
-0.269991 1.5 -0.156253 1.33808 0.866025 1.29087 -0.0250269 0 -0.0127491 0.263207 0 0.209841 
-0.1805 1.5 -0.113966 1.33105 0.866025 1.29443 -0.00353932 0 -0.0132088 0.239223 0 0.196514 
-0.0611977 1.5 -0.0613128 1.37196 0.866025 1.29314 -0.0157578 0 -0.0136101 0.201931 0 0.187503 
0.0257995 1.5 0.0208122 1.38006 0.866025 1.29442 -0.00617547 0 -0.0141495 0.165753 0 0.161761 
0.0286584 1.5 0.0797193 1.38122 0.866025 1.30043 -0.00598495 0 -0.0147544 0.165764 0 0.128316 
0.073089 1.5 0.125453 1.39888 0.866025 1.29457 -0.00744596 0 -0.014819 0.154408 0 0.119044 
0.147585 1.5 0.196857 1.40724 0.866025 1.28787 -0.0100416 0 -0.0150297 0.128835 0 0.0942774 
0.249308 1.5 0.23112 1.38239 0.866025 1.28338 -0.00616344 0 -0.0150823 0.102514 0 0.082299 
0.249281 1.5 0.259306 1.37824 0.866025 1.27848 -0.00672069 0 -0.0150758 0.102469 0 0.0736295 
0.24811 1.5 0.289327 1.37431 0.866025 1.27658 -0.00736448 0 -0.0152439 0.102459 0 0.0558481 
0.287499 1.5 0.327911 1.32125 0.866025 1.26611 0.0155988 0 -0.0150661 0.0840433 0 0.0482456 
0.341768 1.5 0.401038 1.35913 0.866025 1.25001 -0.0145195 0 -0.0149695 0.0643502 0 0.0189982 
0.384855 1.5 0.447869 1.33428 0.866025 1.23584 -0.00942298 0 -0.0147845 0.0423235 0 0.00447889 
0.444602 1.5 0.470142 1.29754 0.866025 1.22866 -0.00233672 0 -0.0146862 0.0136019 0 -0.0025092 
0.463096 1.5 0.495537 1.29189 0.866025 1.22067 0.00260388 0 -0.014588 0.0190704 0 -0.0116808 
0.516052 1.5 0.542851 1.27481 0.866025 1.20482 -6.33913e-05 0 -0.0143995 -0.00212497 0 -0.0288576 
0.557399 1.5 0.565614 1.26174 0.866025 1.19631 0.000605009 0 -0.0142828 -0.00958525 0 -0.0362867 
0.556779 1.5 0.582452 1.26187 0.866025 1.19183 0.000584324 0 -0.0142589 -0.00958604 0 -0.0465237 
0.591846 1.5 0.605563 1.26035 0.866025 1.18134 -0.00321917 0 -0.0140697 -0.0205985 0 -0.0515202 
0.644237 1.5 0.628427 1.23607 0.866025 1.17011 -0.00661173 0 -0.0138789 -0.0472954 0 -0.0557182 
0.679977 1.5 0.660229 1.2368 0.866025 1.15803 -0.0128629 0 -0.0137291 -0.05958 0 -0.0704664 
0.665711 1.5 0.677052 1.18859 0.866025 1.15036 0.00100789 0 -0.0136272 -0.0568678 0 -0.0759623 
0.691901 1.5 0.711251 1.16937 0.866025 1.13458 0.000475042 0 -0.013429 -0.0682895 0 -0.0869836 
0.705465 1.5 0.724233 1.15008 0.866025 1.12778 0.000760594 0 -0.0133408 -0.0797817 0 -0.0897822 
0.718417 1.5 0.739959 1.1492 0.866025 1.11934 -0.000633818 0 -0.0132303 -0.0810842 0 -0.0930133 
0.719475 1.5 0.749613 1.15095 0.866025 1.11651 -0.000318489 0 -0.0132025 -0.0810861 0 -0.0986934 
0.735569 1.5 0.762405 1.15387 0.866025 1.1101 -0.00205767 0 -0.0131244 -0.0827332 0 -0.102027 
0.759165 1.5 0.779923 1.18854 0.866025 1.10081 -0.0147453 0 -0.0130184 -0.0883995 0 -0.105801 
0.770361 1.5 0.793443 1.14859 0.866025 1.09158 -0.00587989 0 -0.0129268 -0.0895735 0 -0.105895 
0.806181 1.5 0.814726 1.12255 0.866025 1.07936 -0.00488009 0 -0.0128237 -0.100364 0 -0.108861 
0.83375 1.5 0.835165 1.12064 0.866025 1.06445 -0.0106833 0 -0.0127226 -0.104396 0 -0.107449 
0.833317 1.5 0.839524 1.11899 0.866025 1.06377 -0.0109327 0 -0.0127133 -0.104395 0 -0.10968 
0.849725 1.5 0.865747 1.08867 0.866025 1.04631 -0.00353945 0 -0.0126111 -0.104574 0 -0.10819 
0.861599 1.5 0.883031 1.06772 0.866025 1.03903 0.00246005 0 -0.0125728 -0.10544 0 -0.109206 
0.901 1.5 0.906857 1.06009 0.866025 1.02235 0.00656862 0 -0.0125052 -0.103324 0 -0.104581 
0.907528 1.5 0.924118 1.07387 0.866025 1.01181 0.00451541 0 -0.0124604 -0.104012 0 -0.101075 
0.945174 1.5 0.932397 1.07217 0.866025 1.00704 -0.00255731 0 -0.0124399 -0.101537 0 -0.0991004 
0.957547 1.5 0.940233 1.06152 0.866025 1.00255 0.00157818 0 -0.0124278 -0.0984474 0 -0.0969579 
0.989964 1.5 0.959998 1.04946 0.866025 0.989348 0.00260137 0 -0.0124187 -0.0969556 0 -0.0902963 
0.999 1.5 0.966654 1.04331 0.866025 0.988219 0.00527945 0 -0.0124298 -0.0937696 0 -0.0869862 
1.00675 1.5 0.97219 1.02177 0.866025 0.988365 0.0037879 0 -0.0124489 -0.0866927 0 -0.0828672 
1.00331 1.5 0.981469 1.02923 0.866025 0.981553 0.00218834 0 -0.012471 -0.0846765 0 -0.0784484 
1.01359 1.5 0.985559 1.01033 0.866025 0.980066 0.00669648 0 -0.0124905 -0.0814589 0 -0.0754713 
1.021 1.5 0.993167 1.00302 0.866025 0.975244 0.00267091 0 -0.0125191 -0.0751425 0 -0.0709639 
1.02208 1.5 0.995806 0.999404 0.866025 0.977324 0.00154246 0 -0.0125386 -0.0746363 0 -0.0662355 
1.02268 1.5 0.998684 1.00485 0.866025 0.976887 0.000536998 0 -0.0125581 -0.068273 0 -0.0630728 
1.02717 1.5 1.00045 0.994544 0.866025 0.979845 -0.000747386 0 -0.0125909 -0.0644195 0 -0.0579038 
1.02728 1.5 1.00928 0.981921 0.866025 0.973924 0.00152133 0 -0.0126402 -0.0580789 0 -0.0523888 
1.02825 1.5 1.00725 0.982101 0.866025 0.980783 0.00165504 0 -0.0126624 -0.0580797 0 -0.0481085 
1.03238 1.5 1.01236 0.988516 0.866025 0.97856 -0.000444885 0 -0.0127 -0.0518507 0 -0.0439129 
1.02498 1.5 1.01432 0.992659 0.866025 0.979335 0.00602382 0 -0.0127258 -0.046528 0 -0.0407787 
1.02891 1.5 1.01625 0.9907 0.866025 0.980177 0.00259512 0 -0.0127526 -0.0430042 0 -0.0376819 
1.02894 1.5 1.01513 0.990415 0.866025 0.983825 0.00256649 0 -0.0127625 -0.0430042 0 -0.0354099 
1.03224 1.5 1.02006 0.993008 0.866025 0.982003 0.00216706 0 -0.0128014 -0.0404301 0 -0.0316079 
1.03523 1.5 1.02396 0.997624 0.866025 0.98396 0.00137641 0 -0.0128487 -0.0346511 0 -0.0257188 
1.0254 1.5 1.02536 0.993618 0.866025 0.98721 -0.000949597 0 -0.0128745 -0.0323468 0 -0.0214947 
1.02685 1.5 1.02414 0.994522 0.866025 0.991664 -0.000678532 0 -0.0128768 -0.0323481 0 -0.0187862 
1.02851 1.5 1.02979 0.992187 0.866025 0.988579 0.00411322 0 -0.0129104 -0.0258987 0 -0.0164694 
1.04937 1.5 1.03209 0.997727 0.866025 0.988961 0.000459153 0 -0.0129262 -0.0156378 0 -0.0142863 
1.06198 1.5 1.03566 1.00559 0.866025 0.994062 -0.00339196 0 -0.0129558 -0.0167631 0 -0.00761032 
1.05858 1.5 1.04078 1.00634 0.866025 0.992787 -0.000811209 0 -0.012983 -0.0120933 0 -0.00504283 
1.06224 1.5 1.04571 1.00973 0.866025 0.992279 0.00341035 0 -0.0130227 -0.0050516 0 -0.00229979 
1.07045 1.5 1.04742 1.02731 0.866025 0.99589 0.00453616 0 -0.0130514 -0.00402221 0 0.00122523 
1.07112 1.5 1.04965 1.02119 0.866025 0.996839 0.00331405 0 -0.0130772 -0.00241447 0 0.00311557 
1.08239 1.5 1.05457 1.01912 0.866025 0.995718 0.00249062 0 -0.0131247 0.000663491 0 0.00493475 
1.09077 1.5 1.05639 1.0266 0.866025 0.999349 -0.00257298 0 -0.0131524 0.00490758 0 0.00817751 
1.09426 1.5 1.05847 1.02089 0.866025 1.00257 -0.00075573 0 -0.0131738 0.00628959 0 0.0111043 
1.09318 1.5 1.06148 1.02073 0.866025 1.00267 -0.00651706 0 -0.0131988 0.00958242 0 0.0123996 
1.09233 1.5 1.06895 1.02886 0.866025 1.00172 -0.00183921 0 -0.0132586 0.0115045 0 0.0146027 
1.09063 1.5 1.0718 1.02769 0.866025 1.00225 -0.00175454 0 -0.0132773 0.0140102 0 0.015811 
1.08941 1.5 1.0752 1.03223 0.866025 1.00106 -0.00514231 0 -0.0133031 0.0131579 0 0.0162418 
1.10338 1.5 1.08077 1.03423 0.866025 1.00152 -0.000562661 0 -0.0133324 0.0149822 0 0.0179955 
1.11574 1.5 1.08669 1.03198 0.866025 0.999206 0.000391647 0 -0.0133613 0.016348 0 0.0183817 
1.10676 1.5 1.09095 1.03352 0.866025 1.00169 0.00196133 0 -0.0133448 0.0181077 0 0.0202299 
1.11842 1.5 1.10095 1.02825 0.866025 0.99797 0.000933696 0 -0.0133556 0.0206469 0 0.020451 
1.12811 1.5 1.10357 1.02906 0.866025 0.998394 9.21096e-05 0 -0.0133446 0.0208497 0 0.0208815 
1.12859 1.5 1.10451 1.03041 0.866025 0.99958 0.000312426 0 -0.0133314 0.0208506 0 0.0212992 
1.13589 1.5 1.11041 1.03219 0.866025 0.995939 -0.00147619 0 -0.0133434 0.0199594 0 0.0208012 
1.1476 1.5 1.11607 1.02103 0.866025 0.993296 -0.000537767 0 -0.013341 0.0221332 0 0.0204781 
1.15762 1.5 1.11967 1.02622 0.866025 0.993321 0.0011601 0 -0.0133184 0.0187444 0 0.0205912 
1.15696 1.5 1.12057 1.02447 0.866025 0.993897 0.000869046 0 -0.0133064 0.0187445 0 0.0206849 
1.15053 1.5 1.12679 1.01849 0.866025 0.990594 0.00293514 0 -0.0132952 0.0205068 0 0.0200696 
1.15067 1.5 1.12884 1.0194 0.866025 0.991414 0.00305949 0 -0.0132704 0.0205068 0 0.0200266 
1.1494 1.5 1.13371 1.01698 0.866025 0.987891 0.00172052 0 -0.0132716 0.0205949 0 0.0194222 
1.15997 1.5 1.14084 1.01432 0.866025 0.984903 0.00129239 0 -0.0132543 0.0196322 0 0.0186074 
1.16203 1.5 1.14444 1.0169 0.866025 0.983335 -0.00330181 0 -0.0132475 0.0201564 0 0.018148 
1.16913 1.5 1.14805 1.0098 0.866025 0.981735 -0.0015873 0 -0.0132427 0.0206508 0 0.0176569 
1.1691 1.5 1.15397 1.00017 0.866025 0.978412 0.00115713 0 -0.0132457 0.0211895 0 0.0168566 
1.2025 1.5 1.16223 1.02703 0.866025 0.975191 -0.0111892 0 -0.0132304 0.0162694 0 0.0154669 
1.20215 1.5 1.16429 1.02674 0.866025 0.975174 -0.0112714 0 -0.0132185 0.0162699 0 0.0149518 
1.22017 1.5 1.17023 1.03389 0.866025 0.97185 -0.0146695 0 -0.0132183 0.0168202 0 0.0140398 
1.1963 1.5 1.17676 0.995962 0.866025 0.968793 0.00172326 0 -0.0132117 0.0136116 0 0.0129211 
1.19694 1.5 1.1787 0.997512 0.866025 0.968716 0.00198685 0 -0.0132036 0.013611 0 0.0123845 
1.20441 1.5 1.18527 1.00221 0.866025 0.964916 -0.00318594 0 -0.0131921 0.0154857 0 0.0114074 
1.21086 1.5 1.18949 0.990663 0.866025 0.963087 -0.00320629 0 -0.0131763 0.011486 0 0.0106128 
1.22022 1.5 1.19273 0.986874 0.866025 0.961315 -0.00299577 0 -0.0131663 0.0106496 0 0.0101062 
1.21865 1.5 1.19853 0.986444 0.866025 0.959311 -2.22498e-05 0 -0.0131429 0.0114583 0 0.00879793 
1.21605 1.5 1.20497 0.984707 0.866025 0.955568 0.00210264 0 -0.0131196 0.0059093 0 0.00786485 
1.22913 1.5 1.21194 0.986393 0.866025 0.952492 0.00315307 0 -0.013093 0.00840707 0 0.00651333 
1.22985 1.5 1.21517 0.988115 0.866025 0.952202 0.00344835 0 -0.013094 0.00840631 0 0.00546827 
1.23411 1.5 1.22066 0.976287 0.866025 0.949199 4.08768e-05 0 -0.0130704 0.00701326 0 0.00464565 
1.2359 1.5 1.22475 0.971551 0.866025 0.947421 -0.000582595 0 -0.0130624 0.00646244 0 0.00386643 
1.24651 1.5 1.22785 0.972317 0.866025 0.945122 0.00130701 0 -0.0130467 0.00481038 0 0.00364935 
1.25551 1.5 1.23224 0.980475 0.866025 0.943686 0.00480435 0 -0.0130502 0.00687478 0 0.00263644 
1.26765 1.5 1.23529 0.973439 0.866025 0.94239 0.000392682 0 -0.0130516 0.00185107 0 0.00204869 
1.29135 1.5 1.23976 0.999437 0.866025 0.939964 -0.00968052 0 -0.0130466 0.000717701 0 0.00140541 
1.27584 1.5 1.24405 0.966408 0.866025 0.938585 2.24949e-05 0 -0.0130567 0.000908239 0 0.00040936 
1.27579 1.5 1.24539 0.966178 0.866025 0.938482 -1.07846e-05 0 -0.013066 0.000908217 0 -3.69949e-05 
1.29691 1.5 1.24971 0.983781 0.866025 0.936013 -0.00686486 0 -0.0130686 -0.00147559 0 -0.000573977 
1.30058 1.5 1.25584 0.982066 0.866025 0.933311 -0.0070364 0 -0.0130783 -0.00137906 0 -0.00162188 
1.3005 1.5 1.25656 0.981879 0.866025 0.933268 -0.00707006 0 -0.0130837 -0.00137901 0 -0.00185326 
1.31126 1.5 1.261 0.980724 0.866025 0.93057 -0.0135177 0 -0.0130752 -0.00318762 0 -0.00226517 
1.30212 1.5 1.26379 0.968745 0.866025 0.929179 -0.0049374 0 -0.0130762 -0.00309451 0 -0.00263066 
1.30207 1.5 1.26491 0.968732 0.866025 0.929139 -0.00494587 0 -0.0130823 -0.00309454 0 -0.00297077 
1.28218 1.5 1.26924 0.963531 0.866025 0.926481 0.00483609 0 -0.013074 -0.00223043 0 -0.00329018 
1.28204 1.5 1.27029 0.963427 0.866025 0.926472 0.00480434 0 -0.013076 -0.00223047 0 -0.00359537 
1.29711 1.5 1.27457 0.951199 0.866025 0.924016 0.00168747 0 -0.013051 -0.00205955 0 -0.00390817 
1.30547 1.5 1.27689 0.945315 0.866025 0.922648 0.000511657 0 -0.0130304 -0.00329845 0 -0.00404143 
1.30453 1.5 1.27916 0.944274 0.866025 0.92182 0.00220578 0 -0.0130158 -0.00320999 0 -0.00432105 
1.30616 1.5 1.28276 0.946538 0.866025 0.91977 0.00301983 0 -0.0129763 -0.00558913 0 -0.00448312 
1.30701 1.5 1.28571 0.940199 0.866025 0.918961 0.00179791 0 -0.0129609 -0.00361654 0 -0.00481438 
1.32035 1.5 1.28806 0.940983 0.866025 0.918153 0.00527909 0 -0.0129463 -0.00583637 0 -0.0049868 
1.32067 1.5 1.28895 0.941521 0.866025 0.918362 0.00538597 0 -0.0129499 -0.00583696 0 -0.00514883 
1.31705 1.5 1.29351 0.940686 0.866025 0.915636 0.00134606 0 -0.0129082 -0.00450411 0 -0.00514544 
1.32054 1.5 1.29638 0.939286 0.866025 0.915225 0.000536948 0 -0.0129112 -0.00539367 0 -0.00533477 
1.3232 1.5 1.29832 0.942737 0.866025 0.914587 0.0026293 0 -0.0129102 -0.00509779 0 -0.00537756 
1.33559 1.5 1.3002 0.955485 0.866025 0.913979 -0.00359403 0 -0.0129099 -0.00499807 0 -0.00540436 
1.33599 1.5 1.30093 0.95576 0.866025 0.914292 -0.00350277 0 -0.0129124 -0.00499779 0 -0.00547522 
1.33946 1.5 1.30375 0.934624 0.866025 0.912829 0.000894684 0 -0.0129135 -0.00567658 0 -0.00541409 
1.33905 1.5 1.30563 0.947457 0.866025 0.912103 0.00276461 0 -0.0129171 -0.00771766 0 -0.00538526 
1.33914 1.5 1.30624 0.947473 0.866025 0.912417 0.00277937 0 -0.0129151 -0.0077177 0 -0.00541794 
1.35491 1.5 1.3086 0.974397 0.866025 0.911192 -0.00322309 0 -0.0129199 -0.00689713 0 -0.00532597 
1.35076 1.5 1.3103 0.946672 0.866025 0.91049 -0.00128914 0 -0.0129219 -0.00504316 0 -0.00525898 
1.35484 1.5 1.313 0.938471 0.866025 0.909595 -0.00462591 0 -0.0129193 -0.00478584 0 -0.00512822 
1.34818 1.5 1.31448 0.932847 0.866025 0.909121 -0.000303436 0 -0.0129161 -0.00511877 0 -0.00503529 
1.34658 1.5 1.31578 0.943751 0.866025 0.908519 0.000682732 0 -0.0129149 -0.00631719 0 -0.00494414 
1.3466 1.5 1.31618 0.9438 0.866025 0.908823 0.000691129 0 -0.0129053 -0.00631719 0 -0.00490419 
1.34823 1.5 1.32007 0.937403 0.866025 0.907023 0.000884617 0 -0.0128883 -0.00559559 0 -0.00456593 
1.35401 1.5 1.32251 0.930387 0.866025 0.905724 -0.000522497 0 -0.0128807 -0.00280424 0 -0.00433923 
1.35452 1.5 1.32492 0.930259 0.866025 0.904213 0.000818571 0 -0.0128754 -0.00496125 0 -0.00412508 
1.36142 1.5 1.32584 0.931307 0.866025 0.905233 -0.00207241 0 -0.012838 -0.0043924 0 -0.00384638 
1.34933 1.5 1.32789 0.928527 0.866025 0.904047 0.00234189 0 -0.0128327 -0.00416754 0 -0.00362921 
1.35977 1.5 1.32968 0.932478 0.866025 0.903226 -0.00154598 0 -0.0128222 -0.00486982 0 -0.00340446 
1.37974 1.5 1.33174 0.946968 0.866025 0.902519 -0.00521589 0 -0.0128023 -0.00386386 0 -0.00309448 
1.37967 1.5 1.33201 0.946885 0.866025 0.902885 -0.0052348 0 -0.0127965 -0.00386378 0 -0.0029801 
1.39214 1.5 1.33344 0.96226 0.866025 0.902237 -0.00967185 0 -0.0127838 -0.00439495 0 -0.00277874 
1.37463 1.5 1.33432 0.929022 0.866025 0.902068 -0.00175991 0 -0.0127753 -0.00206302 0 -0.00261574 
1.37186 1.5 1.33604 0.927004 0.866025 0.901773 -0.00106881 0 -0.0127551 -0.00314583 0 -0.00229004 
1.37349 1.5 1.33699 0.922871 0.866025 0.901791 -0.00221147 0 -0.0127399 -0.00255222 0 -0.00207867 
1.37356 1.5 1.33718 0.922863 0.866025 0.902093 -0.00220057 0 -0.012736 -0.00255226 0 -0.00198086 
1.38589 1.5 1.33859 0.931429 0.866025 0.901382 -0.00687409 0 -0.0127102 -0.00159165 0 -0.0018065 
1.39015 1.5 1.33945 0.934978 0.866025 0.901256 -0.00744921 0 -0.0126945 -0.00220944 0 -0.00164907 
1.36806 1.5 1.34031 0.918431 0.866025 0.901133 0.00164884 0 -0.0126796 -0.00116068 0 -0.00149421 
1.3675 1.5 1.34084 0.917974 0.866025 0.901949 0.00151441 0 -0.0126785 -0.00116015 0 -0.00122929 
1.38544 1.5 1.34208 0.939416 0.866025 0.900981 -0.00691158 0 -0.0126465 -0.00196697 0 -0.00116676 
1.37858 1.5 1.34388 0.922939 0.866025 0.900624 -0.00260014 0 -0.0126022 -0.0014309 0 -0.000890733 
1.36928 1.5 1.34414 0.917583 0.866025 0.901006 0.0017673 0 -0.0126057 -0.00069987 0 -0.000773665 
1.35997 1.5 1.34553 0.906826 0.866025 0.900554 0.00746007 0 -0.0125656 -0.00025669 0 -0.000613344 
1.36006 1.5 1.34581 0.90688 0.866025 0.900944 0.0074788 0 -0.0125709 -0.000256815 0 -0.000499273 
1.38125 1.5 1.34736 0.928857 0.866025 0.900409 -0.00388127 0 -0.0125239 -0.000880307 0 -0.000343945 
1.38542 1.5 1.34842 0.927103 0.866025 0.900245 -0.00464644 0 -0.0124987 -0.00174569 0 -0.000211588 
1.37931 1.5 1.34872 0.914951 0.866025 0.900639 0.000658829 0 -0.0125051 0.000746747 0 -0.000103718 
1.37921 1.5 1.34902 0.914653 0.866025 0.901032 0.00061299 0 -0.0125121 0.000746785 0 1.46458e-06 
1.40476 1.5 1.35138 0.940068 0.866025 0.89997 -0.0086788 0 -0.0124478 0.00028216 0 0.000147131 
1.35538 1.5 1.35256 0.890786 0.866025 0.900263 0.0119565 0 -0.0124465 0.000772018 0 0.000330813 
1.3555 1.5 1.35277 0.890931 0.866025 0.900498 0.0119902 0 -0.0124516 0.00077178 0 0.000386365 
1.36459 1.5 1.35452 0.898864 0.866025 0.899625 0.00679142 0 -0.0124204 0.00254842 0 0.000458808 
1.38812 1.5 1.35606 0.919844 0.866025 0.899801 -0.00462605 0 -0.0124209 0.00133889 0 0.000634972 
1.38799 1.5 1.35852 0.919288 0.866025 0.899292 -0.000368165 0 -0.0124127 0.000992829 0 0.000794854 
1.38787 1.5 1.36067 0.921684 0.866025 0.89834 -0.00189172 0 -0.0124039 0.000820665 0 0.000866104 
1.41913 1.5 1.36234 0.939709 0.866025 0.898353 -0.00512346 0 -0.0124081 0.00225132 0 0.000990958 
1.40399 1.5 1.36589 0.927671 0.866025 0.89697 -0.00538261 0 -0.0124123 0.00323841 0 0.00109885 
1.40412 1.5 1.36618 0.927872 0.866025 0.897185 -0.00534172 0 -0.0124108 0.00323876 0 0.00113553 
1.40902 1.5 1.36793 0.928919 0.866025 0.896363 -0.00594262 0 -0.0124162 0.00206947 0 0.00116813 
1.40906 1.5 1.36826 0.929025 0.866025 0.896589 -0.00592463 0 -0.0124114 0.00206953 0 0.00120491 
1.40967 1.5 1.37117 0.92226 0.866025 0.895264 -0.000217107 0 -0.0124147 0.00198244 0 0.00124724 
1.41235 1.5 1.37261 0.922474 0.866025 0.8945 -0.00149503 0 -0.0124137 0.00212329 0 0.00125514 
1.41219 1.5 1.37311 0.921886 0.866025 0.894724 -0.00158334 0 -0.0123916 0.00212299 0 0.00128265 
1.41923 1.5 1.37461 0.920347 0.866025 0.893835 -0.00297357 0 -0.0123831 -0.000207637 0 0.00127631 
1.42557 1.5 1.37547 0.933368 0.866025 0.893428 -0.00753742 0 -0.0123692 0.00222408 0 0.00127397 
1.4255 1.5 1.37578 0.933318 0.866025 0.893504 -0.00755452 0 -0.0123486 0.00222399 0 0.00127698 
1.41761 1.5 1.37734 0.914829 0.866025 0.892574 -0.00456196 0 -0.0123237 0.00207271 0 0.00125724 
1.4175 1.5 1.37754 0.914634 0.866025 0.892597 -0.00460037 0 -0.0123064 0.00207254 0 0.00125392 
1.43299 1.5 1.37897 0.932553 0.866025 0.89158 -0.00884716 0 -0.0122869 0.000924612 0 0.00123101 
1.41485 1.5 1.38069 0.919591 0.866025 0.89051 -0.00104704 0 -0.0122343 0.00173943 0 0.00119623 
1.41148 1.5 1.38173 0.915851 0.866025 0.889942 -0.00131382 0 -0.0121811 0.00229206 0 0.00116598 
1.41458 1.5 1.38354 0.908836 0.866025 0.888791 -0.0018493 0 -0.0121054 0.00287102 0 0.00111408 
1.42114 1.5 1.3852 0.927234 0.866025 0.887649 -0.0036495 0 -0.0120461 0.000658295 0 0.00106839 
1.41749 1.5 1.38719 0.910044 0.866025 0.886366 -1.51934e-05 0 -0.0119685 0.00482804 0 0.0010024 
1.4219 1.5 1.38823 0.91171 0.866025 0.885764 0.00079417 0 -0.0119246 0.00294579 0 0.00095634 
1.42189 1.5 1.3884 0.911699 0.866025 0.885748 0.000790894 0 -0.0119118 0.0029458 0 0.000938941 
1.42438 1.5 1.38996 0.921285 0.866025 0.884716 -0.00122773 0 -0.0118622 0.00302773 0 0.000883317 
1.42803 1.5 1.39103 0.914259 0.866025 0.884145 0.000981233 0 -0.0118234 0.00195383 0 0.000824911 
1.42367 1.5 1.39279 0.909331 0.866025 0.883079 0.00184178 0 -0.0117758 0.00186713 0 0.000742558 
1.4292 1.5 1.3945 0.913863 0.866025 0.882085 -0.000279047 0 -0.0117348 0.000443593 0 0.000648866 
1.43128 1.5 1.39595 0.903887 0.866025 0.881022 6.16411e-05 0 -0.0117248 -0.000165754 0 0.000597537 
1.36537 1.5 1.39724 0.829873 0.866025 0.880349 0.0279768 0 -0.0117036 0.00188271 0 0.000504232 
1.36538 1.5 1.39743 0.829905 0.866025 0.880331 0.0279812 0 -0.0116925 0.0018827 0 0.000476374 
1.38575 1.5 1.39851 0.841527 0.866025 0.879581 0.0182946 0 -0.0116936 0.002516 0 0.000422702 
1.45335 1.5 1.39936 0.933174 0.866025 0.879176 -0.0153678 0 -0.0116778 0.00348698 0 0.000345974 
1.4356 1.5 1.39992 0.899836 0.866025 0.878812 -0.00176963 0 -0.0116851 0.000714129 0 0.000309815 
1.43707 1.5 1.40064 0.899588 0.866025 0.87837 -0.00206886 0 -0.011701 0.00151449 0 0.000258432 
1.43039 1.5 1.40153 0.905675 0.866025 0.877725 0.00171698 0 -0.0117422 -0.000852402 0 0.000208538 
1.44133 1.5 1.40213 0.91763 0.866025 0.877354 -0.00277002 0 -0.0117673 -0.00144311 0 0.000166735 
1.42494 1.5 1.40274 0.894994 0.866025 0.876984 0.00233561 0 -0.0117944 0.000664557 0 0.000125306 
1.43368 1.5 1.4037 0.894473 0.866025 0.876225 -0.00150649 0 -0.0118483 0.000223144 0 7.5629e-05 
1.43401 1.5 1.40427 0.894734 0.866025 0.876281 -0.00142666 0 -0.0118517 0.000223121 0 1.29557e-05 
1.43691 1.5 1.4053 0.908713 0.866025 0.875511 -0.000395253 0 -0.0119002 -0.00103875 0 -3.34012e-05 
1.43711 1.5 1.4056 0.908859 0.866025 0.875559 -0.000347738 0 -0.0119015 -0.00103893 0 -6.32797e-05 
1.44158 1.5 1.40693 0.90802 0.866025 0.874809 -0.00417676 0 -0.0119393 0.000249164 0 -0.000129231 
1.43286 1.5 1.40901 0.900088 0.866025 0.873659 9.64639e-05 0 -0.011966 -0.000184778 0 -0.000217281 
1.43968 1.5 1.41027 0.894913 0.866025 0.87339 -0.00178724 0 -0.0119555 0.000604222 0 -0.000285821 
1.44442 1.5 1.41188 0.894393 0.866025 0.872215 4.51705e-05 0 -0.0119515 0.000837592 0 -0.000322285 
1.46258 1.5 1.4126 0.908168 0.866025 0.87189 -0.00781323 0 -0.0119406 -0.000257643 0 -0.000347795 
1.45301 1.5 1.41329 0.887744 0.866025 0.871579 -0.0053675 0 -0.0119274 0.000133433 0 -0.000371883 
1.45181 1.5 1.41421 0.899649 0.866025 0.871321 -0.00279964 0 -0.0119029 -0.000448332 0 -0.000412164 
1.45377 1.5 1.41522 0.89209 0.866025 0.87072 -0.00333744 0 -0.0118742 0.000928377 0 -0.000434986 
1.45164 1.5 1.41604 0.896227 0.866025 0.870278 -5.20188e-05 0 -0.0118406 -0.00238632 0 -0.000452338 
1.46803 1.5 1.41654 0.894582 0.866025 0.870074 -0.00622947 0 -0.0118152 0.000230706 0 -0.000466578 
1.46799 1.5 1.41674 0.894581 0.866025 0.870093 -0.0062369 0 -0.0118032 0.000230667 0 -0.000480522 
1.45356 1.5 1.4173 0.894026 0.866025 0.869826 -0.00185042 0 -0.0117716 0.000264339 0 -0.000491172 
1.45508 1.5 1.41841 0.896198 0.866025 0.869288 -0.00334962 0 -0.0117016 -0.000713628 0 -0.000503811 
1.45354 1.5 1.41929 0.892367 0.866025 0.868795 -0.00262945 0 -0.0116435 -0.000475374 0 -0.000497672 
1.45797 1.5 1.42034 0.881714 0.866025 0.868309 -0.00323488 0 -0.0115665 -0.00095693 0 -0.000493374 
1.45794 1.5 1.42041 0.881646 0.866025 0.868311 -0.00324714 0 -0.0115591 -0.00095696 0 -0.000497181 
1.45339 1.5 1.42135 0.889368 0.866025 0.86777 0.000334385 0 -0.0114966 -0.00165753 0 -0.000468799 
1.45611 1.5 1.42187 0.892882 0.866025 0.867504 0.00113133 0 -0.0114616 0.000500975 0 -0.000452994 
1.45606 1.5 1.42196 0.89276 0.866025 0.867511 0.00111135 0 -0.011451 0.00050097 0 -0.000455989 
1.45765 1.5 1.42288 0.886578 0.866025 0.866981 -0.000254202 0 -0.0113964 0.00103806 0 -0.000411516 
1.45841 1.5 1.42345 0.89481 0.866025 0.866739 0.00279961 0 -0.0113572 -0.000287529 0 -0.000385152 
1.46086 1.5 1.42433 0.892716 0.866025 0.866228 0.00105229 0 -0.0113157 -0.000801127 0 -0.00032901 
1.46096 1.5 1.42449 0.892737 0.866025 0.866265 0.00107217 0 -0.0112986 -0.000801204 0 -0.000322284 
1.46371 1.5 1.42562 0.891995 0.866025 0.865501 -0.000272777 0 -0.0112674 -0.00177902 0 -0.000237049 
1.46386 1.5 1.42581 0.892009 0.866025 0.865547 -0.000246161 0 -0.0112502 -0.001779 0 -0.000225805 
1.45175 1.5 1.4266 0.863622 0.866025 0.86503 0.00405333 0 -0.0112343 0.00232945 0 -0.00016019 
1.46726 1.5 1.42667 0.883493 0.866025 0.865047 -0.000649082 0 -0.0112284 -0.00175317 0 -0.00015432 
1.44198 1.5 1.42712 0.857346 0.866025 0.864848 0.0081261 0 -0.0112164 0.00223111 0 -0.000114182 
1.46747 1.5 1.42801 0.889444 0.866025 0.864276 0.000940377 0 -0.0112126 -0.00189377 0 -2.7601e-05 
1.46742 1.5 1.42806 0.889359 0.866025 0.864285 0.000922938 0 -0.0112102 -0.00189378 0 -2.24657e-05 
1.46573 1.5 1.4288 0.884586 0.866025 0.863731 0.000666076 0 -0.0112206 -0.00260584 0 6.01789e-05 
1.46564 1.5 1.42897 0.884687 0.866025 0.863766 0.000662242 0 -0.0112156 -0.00260583 0 7.94561e-05 
1.45697 1.5 1.42946 0.862443 0.866025 0.863388 0.0052114 0 -0.0112286 -0.000562963 0 0.000141667 
1.4881 1.5 1.42969 0.89571 0.866025 0.863265 -0.00998238 0 -0.011233 -0.00023378 0 0.000171766 
1.48811 1.5 1.42994 0.895436 0.866025 0.863108 -0.00998681 0 -0.0112396 -0.000284649 0 0.000207447 
1.4818 1.5 1.43044 0.896314 0.866025 0.862796 -0.005832 0 -0.011253 -0.000790441 0 0.000281636 
1.48173 1.5 1.43053 0.896285 0.866025 0.862834 -0.00584669 0 -0.0112562 -0.000790503 0 0.000296804 
1.45401 1.5 1.43104 0.866412 0.866025 0.862534 0.0054511 0 -0.0112672 -0.00171015 0 0.000374723 
1.4678 1.5 1.43151 0.879721 0.866025 0.862143 -0.00134868 0 -0.0112671 -0.00128691 0 0.00044151 
1.46125 1.5 1.43205 0.870677 0.866025 0.861848 0.00409618 0 -0.0112686 -0.00333205 0 0.000518731 
1.46436 1.5 1.43214 0.879612 0.866025 0.861897 0.00130566 0 -0.0112673 -0.00141998 0 0.000534828 
1.46551 1.5 1.43271 0.884743 0.866025 0.861418 0.00118567 0 -0.0112838 0.000314221 0 0.000610767 
1.4668 1.5 1.43311 0.882231 0.866025 0.861369 -0.000376898 0 -0.0112875 -0.00132068 0 0.000675756 
1.4796 1.5 1.43343 0.893922 0.866025 0.861049 -0.00497122 0 -0.0113161 0.0026782 0 0.000722612 
1.46407 1.5 1.43392 0.879122 0.866025 0.86079 0.00187666 0 -0.0113483 -0.00148906 0 0.000801632 
1.46418 1.5 1.43407 0.879322 0.866025 0.860867 0.00191438 0 -0.0113424 -0.00148906 0 0.000825881 
1.43937 1.5 1.43439 0.867009 0.866025 0.860608 0.00669864 0 -0.0113715 0.00407574 0 0.000876845 
1.47242 1.5 1.43471 0.8792 0.866025 0.860522 -0.00318687 0 -0.0113808 0.00207208 0 0.000923857 
1.46853 1.5 1.43508 0.881895 0.866025 0.860202 -0.000806871 0 -0.0114131 -0.00139533 0 0.000974593 
1.4682 1.5 1.43531 0.879733 0.866025 0.860058 -0.00128544 0 -0.0114272 -0.00105427 0 0.00100399 
1.41317 1.5 1.4358 0.822241 0.866025 0.859768 0.0232785 0 -0.0114523 0.00196283 0 0.00105913 
1.41315 1.5 1.43586 0.822169 0.866025 0.859795 0.0232687 0 -0.0114492 0.00196285 0 0.00106609 
1.47241 1.5 1.43622 0.879436 0.866025 0.859639 -0.00163315 0 -0.0114594 0.0022542 0 0.00110025 
1.46803 1.5 1.43677 0.879539 0.866025 0.859155 -0.00157 0 -0.0114963 -0.000203215 0 0.0011477 
1.46671 1.5 1.43716 0.881071 0.866025 0.859001 0.00186409 0 -0.0115222 0.000867856 0 0.0011742 
1.46368 1.5 1.43755 0.882 0.866025 0.85871 0.00370029 0 -0.0115598 0.000373789 0 0.00119983 
1.45143 1.5 1.43808 0.864028 0.866025 0.858443 0.00530063 0 -0.011615 0.00293892 0 0.00122778 
1.45156 1.5 1.4382 0.864227 0.866025 0.8585 0.00534049 0 -0.0116264 0.00293881 0 0.00123119 
1.46209 1.5 1.4386 0.861906 0.866025 0.85821 0.0039708 0 -0.0116824 0.00248574 0 0.00125087 
1.42747 1.5 1.43886 0.846323 0.866025 0.858108 0.0148991 0 -0.0117202 0.00120241 0 0.0012604 
1.46683 1.5 1.4391 0.876043 0.866025 0.858015 0.000325723 0 -0.0117605 0.000239758 0 0.00126827 
1.44406 1.5 1.43947 0.85651 0.866025 0.857753 0.00939743 0 -0.0118299 0.00173105 0 0.00127913 
1.43631 1.5 1.43982 0.843753 0.866025 0.857785 0.01166 0 -0.0118912 0.00295919 0 0.00127988 
1.43632 1.5 1.43996 0.843602 0.866025 0.857864 0.0116459 0 -0.0119137 0.0029592 0 0.00127758 
1.46789 1.5 1.4403 0.877704 0.866025 0.857663 0.000484867 0 -0.0119837 0.00047479 0 0.00127756 
1.46794 1.5 1.44046 0.8777 0.866025 0.857748 0.000494166 0 -0.0120076 0.000474749 0 0.0012732 
1.47023 1.5 1.44082 0.878832 0.866025 0.857545 0.00205156 0 -0.0120821 0.00258351 0 0.00126731 
1.4647 1.5 1.44127 0.882558 0.866025 0.857574 0.00195678 0 -0.0121609 0.00130829 0 0.00125182 
1.46832 1.5 1.44159 0.880556 0.866025 0.857478 0.00114062 0 -0.012219 0.00330217 0 0.00124085 
1.46863 1.5 1.44201 0.883282 0.866025 0.857245 0.00391832 0 -0.012294 0.00173413 0 0.00122529 
1.43357 1.5 1.44264 0.84012 0.866025 0.85714 0.012539 0 -0.0123823 0.00305753 0 0.00119548 
1.47762 1.5 1.44331 0.891805 0.866025 0.856991 0.00151883 0 -0.0124646 0.00196201 0 0.00115862 
1.47785 1.5 1.44356 0.892077 0.866025 0.857096 0.00158488 0 -0.0124908 0.0019619 0 0.00114194 
1.46874 1.5 1.44394 0.877842 0.866025 0.857021 -0.0019714 0 -0.0125316 -0.000366191 0 0.00111773 
1.46808 1.5 1.44469 0.878132 0.866025 0.85664 0.0061387 0 -0.0126158 0.00210086 0 0.00106618 
1.46814 1.5 1.44487 0.878316 0.866025 0.856695 0.00616611 0 -0.0126305 0.00210078 0 0.00105122 
1.50911 1.5 1.44541 0.89596 0.866025 0.856265 -0.00399224 0 -0.0126985 0.00136124 0 0.00100702 
1.48899 1.5 1.44581 0.884395 0.866025 0.856178 -0.00311424 0 -0.0127433 0.000727868 0 0.000966591 
1.48888 1.5 1.44592 0.884245 0.866025 0.856194 -0.00314777 0 -0.012752 0.000727794 0 0.000954128 
1.48798 1.5 1.44646 0.881237 0.866025 0.855802 0.00181444 0 -0.0128365 0.000809481 0 0.000890855 
1.49769 1.5 1.44675 0.886496 0.866025 0.855562 -0.00509342 0 -0.0128757 0.00141929 0 0.000852387 
1.49768 1.5 1.4469 0.886519 0.866025 0.855555 -0.00509408 0 -0.0128862 0.00141929 0 0.000825112 
1.49325 1.5 1.4472 0.889607 0.866025 0.855323 -0.00148035 0 -0.0129168 0.000198201 0 0.000776726 
1.48306 1.5 1.44737 0.879585 0.866025 0.855205 0.00103832 0 -0.0129304 -0.000299415 0 0.000745978 
1.4946 1.5 1.44753 0.883519 0.866025 0.855086 -0.00384596 0 -0.012942 -8.43361e-05 0 0.000714241 
1.51331 1.5 1.4477 0.902482 0.866025 0.854946 -0.00591523 0 -0.0129521 0.00116611 0 0.000679018 
1.48793 1.5 1.4478 0.881518 0.866025 0.8549 0.00250552 0 -0.0129546 0.00138267 0 0.000646294 
1.49674 1.5 1.44826 0.878041 0.866025 0.85448 -0.00277375 0 -0.0129506 0.00179846 0 0.000554364 
1.49502 1.5 1.44843 0.876628 0.866025 0.854342 -0.000666575 0 -0.0129392 0.000583727 0 0.000512306 
1.49507 1.5 1.44846 0.876638 0.866025 0.854314 -0.000657056 0 -0.012937 0.000583752 0 0.000494962 
1.49195 1.5 1.44877 0.880842 0.866025 0.85405 -0.00243674 0 -0.0129048 0.0014694 0 0.000424666 
1.4835 1.5 1.44906 0.876394 0.866025 0.853812 0.00104051 0 -0.0128708 -6.06046e-06 0 0.00036947 
1.49208 1.5 1.44924 0.878018 0.866025 0.853657 -0.0018825 0 -0.0128486 0.000353721 0 0.000329269 
1.49496 1.5 1.44937 0.90304 0.866025 0.853545 -0.00663591 0 -0.0128331 -0.000919198 0 0.000297251 
1.4949 1.5 1.44938 0.902965 0.866025 0.853517 -0.00665356 0 -0.0128297 -0.000919153 0 0.000282019 
1.51241 1.5 1.44963 0.917909 0.866025 0.85331 -0.0108076 0 -0.0127999 0.000935871 0 0.000229949 
1.4742 1.5 1.44979 0.878134 0.866025 0.853171 0.00145111 0 -0.0127788 -0.00264159 0 0.000190961 
1.49839 1.5 1.44992 0.892842 0.866025 0.853058 -0.00514948 0 -0.01276 -1.66803e-05 0 0.000157172 
1.48536 1.5 1.45004 0.881952 0.866025 0.852951 0.00384016 0 -0.0127393 -0.00158017 0 0.000124511 
1.48559 1.5 1.45006 0.881941 0.866025 0.852934 0.00387915 0 -0.0127335 -0.00158055 0 0.000113803 
1.5212 1.5 1.4504 0.902733 0.866025 0.852655 -0.0076661 0 -0.0126656 -0.00161566 0 3.40969e-05 
1.49217 1.5 1.45064 0.877572 0.866025 0.852464 -0.00178921 0 -0.012611 0.000658753 0 -1.91924e-05 
1.49206 1.5 1.45065 0.877547 0.866025 0.852439 -0.00180975 0 -0.0126044 0.000658705 0 -2.16933e-05 
1.48921 1.5 1.45087 0.881875 0.866025 0.852291 0.000809803 0 -0.0125607 -0.000424459 0 -6.36968e-05 
1.48941 1.5 1.451 0.900047 0.866025 0.85219 -0.00476727 0 -0.0125322 -0.00146854 0 -8.36628e-05 
1.48929 1.5 1.45102 0.900119 0.866025 0.852157 -0.00478052 0 -0.0125248 -0.00146848 0 -8.28413e-05 
1.50258 1.5 1.45124 0.904471 0.866025 0.852025 -0.00400463 0 -0.0124864 -0.000314625 0 -0.000118188 
1.49805 1.5 1.45135 0.89773 0.866025 0.851953 -0.00729862 0 -0.0124673 -0.00130171 0 -0.000133694 
1.50084 1.5 1.45146 0.90215 0.866025 0.851889 -0.00335123 0 -0.0124504 -0.000199665 0 -0.000148649 
1.48787 1.5 1.4517 0.881545 0.866025 0.851738 0.00466381 0 -0.0124083 -0.000277224 0 -0.000167347 
1.50785 1.5 1.45191 0.901129 0.866025 0.851617 -0.00493644 0 -0.0123608 0.00133009 0 -0.000187224 
1.52601 1.5 1.45204 0.92335 0.866025 0.851534 -0.0117843 0 -0.0123241 -1.45239e-06 0 -0.000187565 
1.51536 1.5 1.45216 0.916561 0.866025 0.851449 -0.00848971 0 -0.0122841 -8.38789e-05 0 -0.000188024 
1.49395 1.5 1.45229 0.876695 0.866025 0.851365 -0.000446914 0 -0.0122414 -0.000303128 0 -0.00018979 
1.4975 1.5 1.45243 0.877378 0.866025 0.851276 -0.00441604 0 -0.0121945 0.00265404 0 -0.00019069 
1.48973 1.5 1.45257 0.880322 0.866025 0.851183 0.00209952 0 -0.012143 -0.00150121 0 -0.000190878 
1.49291 1.5 1.45275 0.881873 0.866025 0.85103 0.00199532 0 -0.0120622 0.00125134 0 -0.000179097 
1.51418 1.5 1.45305 0.918693 0.866025 0.850869 -0.00986393 0 -0.0119588 0.000664781 0 -0.000191943 
1.50792 1.5 1.45316 0.901043 0.866025 0.850771 -0.00626783 0 -0.0119055 0.000205257 0 -0.000188284 
1.50769 1.5 1.45316 0.900927 0.866025 0.850712 -0.00631807 0 -0.0118867 0.000205389 0 -0.000173852 
1.49558 1.5 1.45346 0.880809 0.866025 0.850547 -0.00403381 0 -0.0117823 0.000659645 0 -0.000186636 
1.52093 1.5 1.45375 0.93065 0.866025 0.850384 -0.0120952 0 -0.0116757 -0.000601968 0 -0.000199732 
1.52103 1.5 1.45372 0.930673 0.866025 0.850261 -0.0120758 0 -0.0116343 -0.000602163 0 -0.000172616 
1.48825 1.5 1.454 0.871324 0.866025 0.8501 0.000173008 0 -0.0115259 0.00104255 0 -0.000186799 
1.48116 1.5 1.45413 0.850095 0.866025 0.84999 0.00363501 0 -0.0114593 -3.63717e-05 0 -0.000187795 
1.50405 1.5 1.45426 0.891018 0.866025 0.849806 -0.0018614 0 -0.0113573 -0.00116636 0 -0.000180413 
1.49041 1.5 1.45447 0.871479 0.866025 0.849592 -0.00123672 0 -0.0112213 0.000427445 0 -0.00018352 
1.49021 1.5 1.45444 0.871336 0.866025 0.849519 -0.00128483 0 -0.0111988 0.000427284 0 -0.000173093 
1.48988 1.5 1.45501 0.87228 0.866025 0.849204 -0.000113703 0 -0.0109087 0.00071705 0 -0.00021179 
1.48977 1.5 1.45499 0.872214 0.866025 0.84915 -0.000139051 0 -0.0108918 0.000716999 0 -0.000204257 
1.49968 1.5 1.45538 0.884838 0.866025 0.848906 -0.0053252 0 -0.0106921 0.000640924 0 -0.000225174 
1.49961 1.5 1.45536 0.884787 0.866025 0.848853 -0.0053417 0 -0.0106732 0.000640921 0 -0.000217221 
1.49543 1.5 1.45564 0.881402 0.866025 0.848713 0.00499832 0 -0.010553 -0.00400415 0 -0.000234783 
1.49538 1.5 1.45563 0.881364 0.866025 0.848672 0.0049865 0 -0.0105366 -0.00400408 0 -0.000228027 
1.48906 1.5 1.45589 0.864578 0.866025 0.848545 -0.00142405 0 -0.0104287 -0.00165528 0 -0.000243943 
1.49803 1.5 1.45602 0.902274 0.866025 0.848463 -0.00105741 0 -0.0103645 0.00111101 0 -0.000249771 
1.48795 1.5 1.45622 0.862877 0.866025 0.848361 -0.000744476 0 -0.0102846 0.00155811 0 -0.000259042 
1.4986 1.5 1.45635 0.877791 0.866025 0.84829 -0.00530394 0 -0.0102222 -0.000820585 0 -0.000250526 
1.50023 1.5 1.45653 0.874281 0.866025 0.848209 -0.00273054 0 -0.0101583 -0.000914189 0 -0.000254056 
1.50041 1.5 1.45655 0.874334 0.866025 0.84822 -0.00269528 0 -0.0101539 -0.000914234 0 -0.00024582 
1.49722 1.5 1.45683 0.8806 0.866025 0.848092 -0.00200602 0 -0.0100697 -0.000267225 0 -0.000248443 
1.49785 1.5 1.45701 0.892451 0.866025 0.84802 -0.00193876 0 -0.0100267 0.00167612 0 -0.000244203 
1.49786 1.5 1.45703 0.892515 0.866025 0.848034 -0.00193089 0 -0.0100271 0.00167611 0 -0.000238044 
