2 4.0275 0 2.85922e-07 
2.52008 0.0234121 0.500478 0.000477688 
2.49283 0.0190655 0.500397 0.000396782 
2.49545 0.0188039 0.500393 0.000395174 
2.51166 0.00906294 0.499656 0.000225427 
2.50894 0.0376145 0.499871 0.000792073 
2.52535 0.130543 0.500636 0.00354609 
2.53179 0.185076 0.500628 0.00507818 
2.56698 0.246333 0.499633 0.00982435 
2.5668 0.248655 0.499533 0.0151897 
2.55124 0.298651 0.495676 0.0144931 
2.54701 0.280283 0.490271 0.0193742 
2.48731 0.258838 0.473371 0.013773 
2.48515 0.28775 0.473265 0.0335557 
2.43213 0.259189 0.459135 0.0242125 
2.37379 0.266715 0.451949 0.0257301 
2.36714 0.197544 0.442367 0.0276425 
2.31831 0.168292 0.428179 0.0229349 
2.3135 0.206109 0.416703 0.0307372 
2.23763 0.212711 0.397475 0.0374801 
2.18952 0.226086 0.388066 0.0380143 
2.20396 0.210352 0.372893 0.0357733 
2.11002 0.194614 0.347939 0.0374781 
2.10377 0.213738 0.347878 0.0540096 
2.00649 0.1433 0.315943 0.0328315 
1.91521 0.131064 0.288849 0.0507539 
1.8342 0.0798104 0.263184 0.0218313 
1.83203 0.123759 0.263207 0.0533657 
1.74366 0.0765575 0.239223 0.0427094 
1.64121 0.0788515 0.201931 0.0144284 
1.56126 0.0861552 0.165753 0.00399282 
1.55894 0.0959765 0.165764 0.0374476 
1.52318 0.116949 0.154408 0.0353642 
1.45672 0.129233 0.128835 0.0345579 
1.35311 0.10106 0.102514 0.0202152 
1.35156 0.10061 0.102469 0.0288393 
1.35116 0.106358 0.102459 0.0466106 
1.29524 0.0749304 0.0840433 0.0357977 
1.25891 0.124176 0.0643502 0.045352 
1.2095 0.117003 0.0423235 0.0378446 
1.14021 0.0744959 0.0136019 0.0161111 
1.12096 0.0801338 0.0190704 0.0307513 
1.06548 0.0762993 0.00212497 0.0267326 
1.02229 0.0676017 0.00958525 0.0267015 
1.02292 0.0760591 0.00958604 0.0369376 
0.990074 0.0809222 0.0205985 0.0309218 
0.932367 0.0682216 0.0472954 0.0084228 
0.900043 0.0812149 0.05958 0.0108865 
0.894478 0.0424797 0.0568678 0.0190945 
0.86316 0.0421713 0.0682895 0.0186941 
0.843784 0.0323785 0.0797817 0.0100006 
0.831302 0.0389135 0.0810842 0.0119292 
0.830905 0.0475466 0.0810861 0.0176073 
0.81683 0.0525133 0.0827332 0.0192943 
0.808126 0.0901647 0.0883995 0.0174018 
0.782463 0.0619047 0.0895735 0.0163218 
0.73974 0.0447401 0.100364 0.00849719 
0.713326 0.0562472 0.104396 0.00305309 
0.713145 0.0555961 0.104395 0.00528553 
0.687343 0.0461929 0.104574 0.00361601 
0.66951 0.0388406 0.10544 0.00376604 
0.629688 0.0426901 0.103324 0.00125658 
0.627887 0.0664451 0.104012 0.00293621 
0.591892 0.0671119 0.101537 0.00243674 
0.576609 0.0630347 0.0984474 0.0014895 
0.542026 0.0688277 0.0969556 0.00665925 
0.531468 0.0662935 0.0937696 0.00678342 
0.517264 0.0507347 0.0866927 0.00382546 
0.522822 0.0544474 0.0846765 0.00622812 
0.507405 0.0454996 0.0814589 0.00598754 
0.498214 0.0421533 0.0751425 0.00417864 
0.496188 0.0370938 0.0746363 0.00840087 
0.497097 0.0391072 0.068273 0.00520017 
0.489987 0.0327178 0.0644195 0.00651577 
0.48672 0.0242593 0.0580789 0.00569007 
0.485823 0.0254523 0.0580797 0.00997121 
0.483393 0.0254969 0.0518507 0.00793781 
0.491645 0.0253514 0.046528 0.00574928 
0.487311 0.0225104 0.0430042 0.00532228 
0.487209 0.0216619 0.0430042 0.00759427 
0.484693 0.0222166 0.0404301 0.00882219 
0.483044 0.0227187 0.0346511 0.00893228 
0.49145 0.0135378 0.0323468 0.0108521 
0.490286 0.0128193 0.0323481 0.0135619 
0.488094 0.0174486 0.0258987 0.00942931 
0.469485 0.0235486 0.0156378 0.0013515 
0.45973 0.0302855 0.0167631 0.0091528 
0.463189 0.025469 0.0120933 0.00705045 
0.460753 0.0291235 0.0050516 0.00275181 
0.458857 0.0427362 0.00402221 0.00524744 
0.456099 0.036362 0.00241447 0.00553004 
0.444792 0.0395713 0.000663491 0.00427126 
0.439617 0.0451238 0.00490758 0.00326993 
0.434296 0.0420808 0.00628959 0.00481467 
0.435292 0.037092 0.00958242 0.00281723 
0.438992 0.0376023 0.0115045 0.00309815 
0.440137 0.0336842 0.0140102 0.0018008 
0.442988 0.0352175 0.0131579 0.00308392 
0.430812 0.04176 0.0149822 0.00301327 
0.418565 0.0459096 0.016348 0.00203372 
0.427425 0.0386943 0.0181077 0.00212213 
0.414635 0.0377624 0.0206469 0.000195917 
0.406055 0.0415061 0.0208497 3.1795e-05 
0.406158 0.0414283 0.0208506 0.00044865 
0.400241 0.0458689 0.0199594 0.000841833 
0.384981 0.0438953 0.0221332 0.00165514 
0.378003 0.0522714 0.0187444 0.00184678 
0.377861 0.0496033 0.0187445 0.00194045 
0.381295 0.0400593 0.0205068 0.000437119 
0.381533 0.0390673 0.0205068 0.000480145 
0.381726 0.0362941 0.0205949 0.00117269 
0.370958 0.0379862 0.0196322 0.0010248 
0.370131 0.0391859 0.0201564 0.00200842 
0.360762 0.0369818 0.0206508 0.00299397 
0.357063 0.0301644 0.0211895 0.00433283 
0.338457 0.0656741 0.0162694 0.000802516 
0.338632 0.0639974 0.0162699 0.00131805 
0.326642 0.0796514 0.0168202 0.00278034 
0.330336 0.0366462 0.0136116 0.00069056 
0.330362 0.0373166 0.013611 0.00122644 
0.32547 0.0430938 0.0154857 0.00407827 
0.314873 0.0362851 0.011486 0.000873227 
0.304777 0.0388886 0.0106496 0.000543408 
0.306036 0.0362375 0.0114583 0.0026604 
0.307758 0.0346931 0.0059093 0.00195555 
0.296427 0.0413376 0.00840707 0.00189375 
0.296476 0.0421758 0.00840631 0.00293804 
0.287849 0.0329595 0.00701326 0.0023676 
0.2844 0.0293643 0.00646244 0.00259601 
0.274875 0.0359681 0.00481038 0.00116103 
0.269994 0.0470525 0.00687478 0.00423834 
0.25598 0.0468198 0.00185107 0.000197622 
0.247844 0.0788055 0.000717701 0.000687707 
0.24561 0.0442268 0.000908239 0.000498879 
0.245566 0.0431426 0.000908217 0.000945212 
0.234855 0.0674412 0.00147559 0.000901612 
0.230827 0.0664502 0.00137906 0.000242824 
0.230811 0.0658008 0.00137901 0.000474253 
0.221268 0.0710103 0.00318762 0.000922456 
0.223005 0.0556838 0.00309451 0.000463844 
0.223042 0.054912 0.00309454 0.000123773 
0.238694 0.0431382 0.00223043 0.00105975 
0.238777 0.0427027 0.00223047 0.0013649 
0.220046 0.0382658 0.00205955 0.00184862 
0.210066 0.0389149 0.00329845 0.000742979 
0.21056 0.0371466 0.00320999 0.00111106 
0.209916 0.0389867 0.00558913 0.00110601 
0.206759 0.0335096 0.00361654 0.00119785 
0.194735 0.0435426 0.00583637 0.000849576 
0.194647 0.043344 0.00583696 0.000688135 
0.197602 0.0372117 0.00450411 0.000641331 
0.193841 0.0366512 0.00539367 5.89037e-05 
0.19274 0.0406561 0.00509779 0.000279769 
0.18721 0.0553335 0.00499807 0.000406284 
0.186984 0.0551145 0.00499779 0.000477429 
0.174582 0.0440564 0.00567658 0.000262484 
0.180395 0.0511153 0.00771766 0.00233239 
0.180327 0.0505707 0.0077177 0.00229976 
0.181126 0.0789493 0.00689713 0.00157116 
0.169638 0.0555116 0.00504316 0.000215817 
0.162296 0.0515159 0.00478584 0.000342381 
0.165871 0.0431026 0.00511877 8.34777e-05 
0.171989 0.0487284 0.00631719 0.00137305 
0.171992 0.0483082 0.00631719 0.001413 
0.167718 0.0436524 0.00559559 0.00102966 
0.159544 0.0418729 0.00280424 0.00153498 
0.159034 0.0417347 0.00496125 0.000836171 
0.153202 0.0454076 0.0043924 0.00054602 
0.163133 0.0359049 0.00416754 0.000538336 
0.155182 0.0434598 0.00486982 0.00146536 
0.145059 0.0658531 0.00386386 0.000769378 
0.145067 0.0653063 0.00386378 0.000883682 
0.144875 0.0840088 0.00439495 0.00161621 
0.140319 0.0497233 0.00206302 0.00055272 
0.14191 0.0453468 0.00314583 0.000855787 
0.138713 0.0434459 0.00255222 0.000473554 
0.138641 0.0431985 0.00255226 0.000571402 
0.131703 0.0563376 0.00159165 0.000214848 
0.129909 0.0611182 0.00220944 0.000560366 
0.14198 0.0356984 0.00116068 0.000333534 
0.142327 0.0341869 0.00116015 6.91374e-05 
0.136229 0.0582267 0.00196697 0.000800208 
0.134121 0.0424529 0.0014309 0.000540171 
0.140533 0.033366 0.00069987 7.37956e-05 
0.146041 0.0254734 0.00025669 0.000356655 
0.145977 0.0253043 0.000256815 0.000242459 
0.134408 0.0450799 0.000880307 0.000536362 
0.129924 0.0463882 0.00174569 0.00153411 
0.130233 0.0362483 0.000746747 0.000850465 
0.130209 0.0356295 0.000746785 0.00074532 
0.12095 0.066865 0.00028216 0.000135029 
0.147215 0.026329 0.000772018 0.000441205 
0.147124 0.0263882 0.00077178 0.000385415 
0.139498 0.0217067 0.00254842 0.00208961 
0.124239 0.0386028 0.00133889 0.000703913 
0.124032 0.0375929 0.000992829 0.000197976 
0.125194 0.0373565 0.000820665 4.54393e-05 
0.109523 0.0706315 0.00225132 0.00126036 
0.114221 0.0494383 0.00323841 0.00213956 
0.114224 0.0493056 0.00323876 0.00210323 
0.110766 0.0528221 0.00206947 0.000901341 
0.11079 0.0525207 0.00206953 0.000864616 
0.106405 0.0485759 0.00198244 0.000735207 
0.104263 0.0498097 0.00212329 0.000868147 
0.104088 0.0488008 0.00212299 0.000840342 
0.0973857 0.0527489 0.000207637 0.00148395 
0.100656 0.0642514 0.00222408 0.000950114 
0.100679 0.0638732 0.00222399 0.000947015 
0.0958647 0.046661 0.00207271 0.000815466 
0.0958652 0.0462795 0.00207254 0.000818625 
0.0948413 0.0678817 0.000924612 0.0003064 
0.100599 0.0462419 0.00173943 0.000543195 
0.101591 0.0409164 0.00229206 0.00112608 
0.0955644 0.0383479 0.00287102 0.00175694 
0.0998964 0.0541175 0.000658295 0.000410099 
0.0935173 0.0402727 0.00482804 0.00382564 
0.0904812 0.04437 0.00294579 0.00198945 
0.0904872 0.0442346 0.0029458 0.00200686 
0.0936665 0.0513349 0.00302773 0.00214441 
0.0866413 0.0493972 0.00195383 0.00112892 
0.0877813 0.0427557 0.00186713 0.00112458 
0.08545 0.048425 0.000443593 0.000205274 
0.0784569 0.0437032 0.000165754 0.00076329 
0.142178 0.0716787 0.00188271 0.00137848 
0.142163 0.0717208 0.0018827 0.00140633 
0.118266 0.0501004 0.002516 0.0020933 
0.0831954 0.0764458 0.00348698 0.00314101 
0.0727613 0.0425767 0.000714129 0.000404315 
0.0713464 0.0432457 0.00151449 0.00125606 
0.0801293 0.0423717 0.000852402 0.00106094 
0.0781864 0.0569188 0.00144311 0.00160984 
0.0804937 0.0318892 0.000664557 0.000539251 
0.0721793 0.0365878 0.000223144 0.000147515 
0.0719812 0.036513 0.000223121 0.000210165 
0.0761717 0.047271 0.00103875 0.00100535 
0.0760899 0.0472806 0.00103893 0.000975651 
0.0720676 0.0486174 0.000249164 0.000378395 
0.0752857 0.0375845 0.000184778 3.25028e-05 
0.066904 0.0378383 0.000604222 0.000890043 
0.0623963 0.0411676 0.000837592 0.00115988 
0.0568955 0.061898 0.000257643 9.01523e-05 
0.0520456 0.0433764 0.000133433 0.000505315 
0.0588294 0.0479495 0.000448332 3.61677e-05 
0.0531744 0.0449005 0.000928377 0.00136336 
0.0570136 0.0456076 0.00238632 0.00193399 
0.0433146 0.0572984 0.000230706 0.000697284 
0.0433475 0.0570745 0.000230667 0.000711189 
0.0542612 0.0447066 0.000264339 0.000755511 
0.0542178 0.0462406 0.000713628 0.000209817 
0.0534755 0.0425418 0.000475374 2.22981e-05 
0.0449756 0.0408073 0.00095693 0.000463556 
0.0449838 0.0406865 0.00095696 0.000459779 
0.0521277 0.0404104 0.00165753 0.00118873 
0.0514677 0.0444421 0.000500975 0.000953969 
0.0514424 0.0442541 0.00050097 0.000956959 
0.0470719 0.0414406 0.00103806 0.00144957 
0.0506592 0.0470147 0.000287529 9.76223e-05 
0.0473874 0.046782 0.000801127 0.000472117 
0.0473114 0.046738 0.000801204 0.00047892 
0.0446259 0.0476811 0.00177902 0.00154197 
0.0445104 0.0476394 0.001779 0.00155319 
0.0484786 0.0294684 0.00232945 0.00248964 
0.0371158 0.0458167 0.00175317 0.00159885 
0.0592225 0.0255207 0.00223111 0.00234529 
0.0400903 0.0483576 0.00189377 0.00186616 
0.0400831 0.0482227 0.00189378 0.00187131 
0.0389828 0.0440419 0.00260584 0.00266602 
0.0391042 0.0438606 0.00260583 0.00268529 
0.0434887 0.0320627 0.000562963 0.000704631 
0.0335007 0.0668339 0.00023378 0.000405547 
0.0332586 0.0665583 0.000284649 0.000492096 
0.0358138 0.0615674 0.000790441 0.00107208 
0.0358267 0.0613971 0.000790503 0.00108731 
0.0463172 0.0286673 0.00171015 0.00208487 
0.0350217 0.041519 0.00128691 0.00172842 
0.0392466 0.0341552 0.00333205 0.00385078 
0.0381626 0.0388629 0.00141998 0.00195481 
0.0392634 0.0421356 0.000314221 0.000296546 
0.0369455 0.0411039 0.00132068 0.00199643 
0.0349163 0.0570282 0.0026782 0.00195559 
0.0382872 0.0376852 0.00148906 0.00229069 
0.0382586 0.0377217 0.00148906 0.00231494 
0.0610075 0.0198053 0.00407574 0.00319889 
0.0307327 0.0428694 0.00207208 0.00114823 
0.0352526 0.0412562 0.00139533 0.00236993 
0.0346535 0.0396428 0.00105427 0.00205826 
0.0999907 0.0559143 0.00196283 0.000903698 
0.100035 0.056007 0.00196285 0.000896761 
0.0307174 0.0424052 0.0022542 0.00115395 
0.034745 0.0386183 0.000203215 0.00135092 
0.0365775 0.0392412 0.000867856 0.000306344 
0.0398535 0.0381808 0.000373789 0.000826043 
0.0488943 0.0222615 0.00293892 0.00171115 
0.0487702 0.0223374 0.00293881 0.00170761 
0.0383361 0.028468 0.00248574 0.00123488 
0.0766209 0.0312589 0.00120241 5.7992e-05 
0.0346467 0.0352172 0.000239758 0.00102851 
0.0575135 0.021754 0.00173105 0.000451916 
0.0684701 0.0276377 0.00295919 0.00167931 
0.0685136 0.02778 0.0029592 0.00168162 
0.0341751 0.0363044 0.00047479 0.000802773 
0.0341195 0.0361929 0.000474749 0.000798447 
0.0324707 0.0389618 0.00258351 0.0013162 
0.0390245 0.0370474 0.00130829 5.64728e-05 
0.0348731 0.0377541 0.00330217 0.00206133 
0.0360198 0.0406074 0.00173413 0.000508834 
0.0723997 0.0315128 0.00305753 0.00186205 
0.0341739 0.0508375 0.00196201 0.000803389 
0.0342342 0.0509624 0.0019619 0.00081996 
0.033475 0.0340611 0.000366191 0.00148392 
0.0346827 0.0368893 0.00210086 0.00103467 
0.0347041 0.036908 0.00210078 0.00104955 
0.0315447 0.075564 0.00136124 0.00035422 
0.0216408 0.0524704 0.000727868 0.000238723 
0.0215755 0.0522013 0.000727794 0.000226335 
0.019473 0.0508454 0.000809481 8.13741e-05 
0.0212208 0.0601065 0.00141929 0.000566905 
0.021245 0.0599796 0.00141929 0.000594176 
0.0245723 0.0585429 0.000198201 0.000578525 
0.021724 0.0454256 0.000299415 0.00104539 
0.0187082 0.0557379 8.43361e-05 0.000798577 
0.0392576 0.0813216 0.00116611 0.000487091 
0.0198002 0.0505739 0.00138267 0.000736373 
0.0127559 0.0548481 0.00179846 0.00124409 
0.0117344 0.0530806 0.000583727 7.14211e-05 
0.0117221 0.0531128 0.000583752 8.87902e-05 
0.0170394 0.0518825 0.0014694 0.00104473 
0.0195135 0.0434721 6.06046e-06 0.00037553 
0.014494 0.0504866 0.000353721 2.44522e-05 
0.0379417 0.0675748 0.000919198 0.00121645 
0.0378793 0.0674891 0.000919153 0.00120117 
0.0544311 0.090102 0.000935871 0.000705922 
0.0285389 0.0376995 0.00264159 0.00283255 
0.027354 0.063166 1.66803e-05 0.000173852 
0.021974 0.0486079 0.00158017 0.00170468 
0.0218165 0.0487873 0.00158055 0.00169435 
0.0430768 0.0868633 0.00161566 0.00164976 
0.0140663 0.0497224 0.000658753 0.000677945 
0.014109 0.0496181 0.000658705 0.000680399 
0.0191912 0.0502381 0.000424459 0.000360762 
0.035949 0.061857 0.00146854 0.00138487 
0.0360543 0.0618482 0.00146848 0.00138564 
0.0387395 0.0738827 0.000314625 0.000196436 
0.0325919 0.065598 0.00130171 0.00116801 
0.0362898 0.0710446 0.000199665 5.10159e-05 
0.0202427 0.0498817 0.000277224 0.000109877 
0.0363079 0.0750709 0.00133009 0.00151731 
0.0640419 0.103098 1.45239e-06 0.000186113 
0.0534967 0.0908173 8.38789e-05 0.000104145 
0.0122726 0.050161 0.000303128 0.000113338 
0.0124347 0.0526627 0.00265404 0.00284473 
0.0177253 0.0493247 0.00150121 0.00131033 
0.0174758 0.0525502 0.00125134 0.00143044 
0.055427 0.0913313 0.000664781 0.000856724 
0.0364438 0.0745432 0.000205257 0.000393541 
0.0362926 0.0743403 0.000205389 0.000379241 
0.0159477 0.0524473 0.000659645 0.000846281 
0.0689989 0.104674 0.000601968 0.000402237 
0.0690469 0.104869 0.000602163 0.000429547 
0.0128907 0.0419553 0.00104255 0.00122934 
0.0249359 0.030962 3.63717e-05 0.000151423 
0.0253869 0.0653264 0.00116636 0.000985946 
0.011103 0.0432447 0.000427445 0.000610965 
0.011213 0.0430506 0.000427284 0.000600377 
0.0118962 0.0431831 0.00071705 0.00092884 
0.0119573 0.0430943 0.000716999 0.000921256 
0.0195546 0.0572885 0.000640924 0.000866098 
0.0195107 0.0572495 0.000640921 0.000858142 
0.0168019 0.0537908 0.00400415 0.00376937 
0.0167768 0.0537585 0.00400408 0.00377606 
0.0111309 0.0379264 0.00165528 0.00141133 
0.0363175 0.0688963 0.00111101 0.00136078 
0.0124806 0.0361706 0.00155811 0.00181715 
0.0129811 0.0517656 0.000820585 0.000570059 
0.00869835 0.0514301 0.000914189 0.000660134 
0.00874404 0.0515914 0.000914234 0.000668414 
0.014972 0.0524736 0.000267225 1.87819e-05 
0.0265832 0.0608918 0.00167612 0.00192032 
0.0266459 0.0609227 0.00167611 0.00191415 
