0 
48 
42 
42 
44 
43 
38 
44 
42 
42 
36 
34 
40 
40 
45 
46 
49 
48 
48 
43 
46 
47 
42 
42 
48 
52 
41 
41 
48 
49 
48 
48 
48 
50 
49 
49 
49 
49 
49 
46 
55 
54 
48 
50 
50 
56 
55 
60 
57 
52 
46 
50 
50 
52 
54 
49 
52 
47 
47 
46 
50 
50 
52 
55 
53 
53 
52 
49 
52 
47 
52 
52 
55 
52 
50 
50 
46 
56 
53 
53 
52 
54 
50 
50 
46 
55 
56 
57 
55 
54 
58 
53 
48 
54 
45 
46 
46 
48 
52 
49 
53 
49 
52 
52 
45 
50 
51 
51 
54 
54 
55 
53 
49 
53 
48 
50 
50 
48 
50 
50 
47 
55 
56 
53 
47 
57 
57 
54 
57 
53 
52 
50 
49 
54 
54 
56 
52 
52 
53 
51 
51 
50 
50 
51 
53 
51 
56 
58 
59 
59 
57 
58 
54 
54 
54 
48 
49 
49 
55 
53 
58 
52 
56 
56 
55 
56 
49 
53 
55 
54 
51 
51 
51 
52 
51 
52 
52 
52 
49 
45 
45 
47 
50 
54 
56 
56 
51 
52 
45 
45 
55 
50 
50 
47 
50 
48 
56 
48 
47 
47 
49 
49 
46 
51 
51 
50 
51 
51 
46 
46 
51 
49 
53 
54 
53 
50 
53 
53 
53 
57 
55 
47 
51 
50 
50 
56 
48 
48 
50 
52 
58 
59 
53 
53 
55 
55 
52 
53 
52 
51 
56 
56 
54 
54 
52 
54 
54 
54 
54 
50 
52 
52 
50 
48 
48 
49 
51 
53 
53 
45 
45 
52 
50 
47 
49 
49 
49 
49 
48 
50 
50 
51 
51 
51 
48 
50 
52 
49 
53 
48 
49 
49 
49 
54 
51 
50 
49 
49 
51 
49 
54 
50 
60 
60 
51 
52 
55 
55 
52 
52 
57 
57 
55 
50 
53 
50 
54 
57 
57 
56 
53 
53 
50 
52 
52 
52 
50 
50 
50 
49 
54 
50 
52 
54 
53 
53 
56 
54 
61 
54 
54 
58 
57 
59 
54 
54 
49 
51 
51 
54 
50 
50 
45 
53 
48 
55 
50 
50 
51 
54 
53 
49 
52 
45 
52 
52 
48 
43 
43 
49 
54 
52 
54 
54 
51 
51 
47 
47 
49 
49 
52 
51 
52 
52 
49 
49 
53 
49 
49 
