1.028965058754153672e+00
9.910711115629163848e-01
8.425817828908985785e-01
1.131686231357405870e+00
1.172441193444737628e+00
8.020014191754278876e-01
5.315423851381188003e-01
8.816347424857627901e-01
1.469297716914387486e+00
9.144403276170187667e-01
7.017347586702200601e-01
1.307135517309895079e+00
5.138229039652044694e-01
8.678407130831026217e-01
6.680321571465306363e-01
5.207041620311870789e-01
1.096682895821963655e+00
1.398200791695068723e+00
5.353118573723224527e-01
1.285248251328222402e+00
6.493648508646546746e-01
1.007223667017926427e+00
1.076930741829905003e+00
5.235918553041644108e-01
7.288009360032184913e-01
5.442593573070590995e-01
1.294605683757531711e+00
5.460404238705182101e-01
1.297650161701309646e+00
1.435564188218378279e+00
