1.142230202701795427e+00
8.638581506835893986e-01
7.839634297733000246e-01
8.877135661254663690e-01
9.990833613323585327e-01
6.968975317001961933e-01
6.480798093809009286e-01
5.907455071638727517e-01
1.305171909475492109e+00
1.091686922865812592e+00
6.685546531539841020e-01
6.555674956486028382e-01
8.794573072005601455e-01
1.080586017684965316e+00
7.616481221224532527e-01
8.109430292791791617e-01
6.650857816506211551e-01
6.121268149829514060e-01
9.529190107085017125e-01
5.735247636109032099e-01
1.331663563577668574e+00
1.426874937569218238e+00
1.139998078034036855e+00
1.152284946384304565e+00
1.488639994610989614e+00
8.719684961845854954e-01
1.001027663107379562e+00
7.113159587018900165e-01
9.879742137608631403e-01
1.032315597224702675e+00
