-3.765958778489311154e-01
-9.122351509415824733e-01
-2.076224361406675545e-01
-2.218241942674077372e-01
-5.122868109916570711e-01
-3.696334616372638493e-01
-8.368363701615683103e-01
-6.230766515880918899e-01
-5.305101595453903807e-01
-5.088576537460187676e-01
-7.617879711889355976e-01
-9.164142362185448976e-01
-7.795408115418192008e-01
-2.835545454051857650e-02
-1.793613379865816038e-01
-6.856390822214830649e-02
-7.089510591853012134e-01
-3.600961304609038294e-01
-2.423049899088954851e-01
-5.324437820390782727e-01
-2.992072131532240720e-01
-7.216948890328027666e-01
-7.790993174018669976e-01
-1.974889954122412972e-01
-4.146534482632776575e-01
-4.776083956626625548e-01
-2.026444135674190239e-01
-2.981986576293060853e-01
-9.637683849513202228e-01
-7.353126743973974477e-01
