32.3783
32.3783
32.3783
30.132
30.132
30.132
31.9626
31.9626
29.2853
29.2853
29.2454
29.2454
26.8991
26.8991
27.1275
27.1275
27.1275
26.2617
25.1068
25.1068
25.1068
24.4774
24.4774
26.404
26.404
26.404
24.8528
24.3678
24.3678
24.3678
23.513
23.513
23.513
23.9376
24.3971
24.3971
24.3971
25.6627
23.4964
23.4964
23.4964
26.7825
25.7941
25.7941
25.7941
23.583
23.583
22.4411
21.3981
21.3981
21.3981
19.845
19.845
22.2493
22.2493
22.2493
22.4282
22.4282
23.7747
24.2994
24.2994
24.9925
24.9925
24.9925
26.0928
26.0928
29.8615
28.5273
28.5273
24.3017
24.3017
23.7413
23.7413
23.7413
23.3332
21.2324
21.2324
21.2324
21.0497
21.0497
21.8628
20.9423
20.9423
20.9423
20.9423
19.4939
20.8111
20.8111
20.8111
20.0827
21.4838
21.4838
21.4838
21.0401
21.0401
20.7687
20.7687
19.3853
19.3853
21.6467
21.6467
22.1964
22.1964
19.9879
19.9879
18.5518
18.5518
17.8721
17.6833
17.6833
17.6833
15.5193
15.5193
14.419
14.419
14.4498
15.8449
15.8449
15.8449
14.1644
14.1644
13.3838
13.3838
13.1493
13.1493
13.1685
13.1685
12.2971
12.2971
12.6734
12.6734
12.9406
12.9406
12.0674
13.5825
13.5825
13.5825
12.7126
12.7126
12.6296
12.6296
12.4689
12.4689
11.9256
11.9256
12.3113
12.3113
11.8545
12.0462
12.0462
12.0462
11.8068
11.8068
11.2197
11.2197
11.254
11.254
10.7876
10.7876
10.2026
9.669
9.669
9.6819
9.6819
8.31356
8.31356
7.8328
7.8328
7.8328
7.04828
7.26428
7.26428
7.26428
6.31631
6.19884
6.19884
6.19884
5.27343
5.27343
5.27343
4.6381
4.27836
3.82831
3.82831
3.49283
3.49283
3.11013
2.8846
2.8846
2.8846
2.71344
2.71344
2.5848
2.5848
2.60354
2.60354
2.81921
2.81921
3.11981
3.26928
3.26928
3.26928
3.72936
3.72936
4.01395
4.01395
4.25444
4.25444
4.58926
4.58926
4.85254
4.85254
5.33199
5.33199
5.33199
5.82632
5.63208
5.80798
5.80798
5.80798
5.80798
6.12667
6.01915
6.01915
6.01915
6.67664
6.30625
6.30625
6.30625
6.49019
6.77533
6.77533
6.77533
6.92417
6.70131
6.70131
6.70131
6.71278
6.40786
6.40786
6.40786
6.41559
6.41559
6.13016
5.94629
5.81175
5.81175
5.657
5.57242
5.57242
5.57242
5.28329
5.28329
4.9064
4.9064
4.71266
4.71266
4.52398
4.52398
4.30882
4.30882
3.78875
3.78875
3.50185
3.50185
3.50185
3.21883
3.04919
3.04919
3.04919
2.51925
2.51925
2.30572
2.30572
1.94713
1.94713
1.61966
1.61966
1.61966
1.19131
0.925176
0.578683
0.578683
0.318519
