0
0.025
0.05
0.075
0.1
0.125
0.15
0.175
0.2
0.225
0.25
0.275
0.3
0.325
0.35
0.375
0.4
0.425
0.45
0.475
0.5
0.525
0.55
0.575
0.6
0.625
0.65
0.675
0.7
0.725
0.75
0.775
0.8
0.825
0.85
0.875
0.9
0.925
0.95
0.975
1
1.025
1.05
1.075
1.1
1.125
1.15
1.175
1.2
1.225
1.25
1.275
1.3
1.325
1.35
1.375
1.4
1.425
1.45
1.475
1.5
1.525
1.55
1.575
1.6
1.625
1.65
1.675
1.7
1.725
1.75
1.775
1.8
1.825
1.85
1.875
1.9
1.925
1.95
1.975
2
2.025
2.05
2.075
2.1
2.125
2.15
2.175
2.2
2.225
2.25
2.275
2.3
2.325
2.35
2.375
2.4
2.425
2.45
2.475
2.5
2.525
2.55
2.575
2.6
2.625
2.65
2.675
2.7
2.725
2.75
2.775
2.8
2.825
2.85
2.875
2.9
2.925
2.95
2.975
3
3.025
3.05
3.075
3.1
3.125
3.15
3.175
3.2
3.225
3.25
3.275
3.3
3.325
3.35
3.375
3.4
3.425
3.45
3.475
3.5
3.525
3.55
3.575
3.6
3.625
3.65
3.675
3.70001
3.72501
3.75001
3.77501
3.80001
3.82501
3.85001
3.87501
3.90001
3.92501
3.95001
3.97501
4.00001
4.02501
4.05001
4.07501
4.10001
4.12501
4.15001
4.17501
4.20001
4.22501
4.25001
4.27501
4.30001
4.32501
4.35001
4.37501
4.40001
4.42501
4.45001
4.47501
4.50001
4.52501
4.55001
4.57501
4.60001
4.62501
4.65001
4.67501
4.70001
4.72501
4.75001
4.77501
4.80001
4.82501
4.85001
4.87501
4.90001
4.92501
4.95001
4.97501
5.00001
5.02501
5.05001
5.07501
5.10001
5.12501
5.15001
5.17501
5.20001
5.22501
5.25001
5.27501
5.30001
5.32501
5.35001
5.37501
5.40001
5.42501
5.45001
5.47501
5.50001
5.52501
5.55001
5.57501
5.60001
5.62501
5.65001
5.67501
5.70001
5.72501
5.75001
5.77501
5.80001
5.82501
5.85001
5.87501
5.90001
5.92501
5.95001
5.97501
6.00001
6.02501
6.05001
6.07501
6.10001
6.12501
6.15001
6.17501
6.20001
6.22501
6.25001
6.27501
6.30001
6.32502
6.35002
6.37502
6.40002
6.42502
6.45002
6.47502
6.50002
6.52502
6.55002
6.57502
6.60002
6.62502
6.65002
6.67502
6.70002
6.72502
6.75002
6.77502
6.80002
6.82502
6.85002
6.87502
6.90002
6.92502
6.95002
6.97502
7.00002
7.02502
7.05002
7.07502
