-0.525643
-0.610166
-0.610166
-0.610166
-0.638613
-0.638613
-0.638613
-0.609123
-0.605
-0.605
-0.605
-0.614551
-0.633252
-0.673882
-0.657982
-0.688016
-0.637194
-0.637194
-0.637194
-0.565645
-0.565645
-0.565645
-0.565645
-0.521757
-0.521757
-0.521757
-0.521757
-0.496401
-0.496401
-0.496401
-0.496401
-0.496401
-0.456065
-0.456065
-0.456065
-0.456065
-0.40831
-0.373038
-0.328424
-0.263295
-0.236394
-0.118302
-0.118302
-0.0897325
-0.0125616
0.0303982
0.0915872
0.156643
0.197012
0.232511
0.255511
0.281415
0.31787
0.325582
0.349637
0.350534
0.350534
0.362332
0.357307
0.371183
0.367928
0.360015
0.353959
0.353637
0.351005
0.343937
0.33693
0.33693
0.320973
0.320973
0.303425
0.303425
0.285055
0.285055
0.280667
0.283353
0.262871
0.262871
0.260377
0.250985
0.236673
0.228892
0.213298
0.213298
0.1986
0.188956
0.188956
0.179305
0.174355
0.168315
0.165068
0.146065
0.143758
0.126769
0.12724
0.123201
0.123166
0.125669
0.108324
0.10663
0.102733
0.102721
0.0925232
0.0900759
0.0857555
0.0885707
0.0803734
0.0816645
0.0816645
0.0781795
0.0786198
0.074405
0.0685023
0.0685023
0.0707789
0.0681628
0.0653123
0.0626023
0.0626023
0.0626023
0.0616171
0.0562256
0.0584317
0.0628795
0.0513453
0.0458842
0.0508459
0.0486316
0.0451298
0.03716
0.0447261
0.0424441
0.0398061
0.0393626
0.0363133
0.0347528
0.0364498
0.0364498
0.0379627
0.0307894
0.0287513
0.0308006
0.0308006
0.0328991
0.0286455
0.0278249
0.0267893
0.02545
0.02545
0.02545
0.0209538
0.0251454
0.0132579
0.0184042
0.0198051
0.0193142
0.0210546
0.0197491
0.0160279
0.0203324
0.0154874
0.0155075
