0.54967
0.54967
0.54967
0.541816
0.541816
0.541816
0.545187
0.545187
0.554885
0.554885
0.546166
0.546166
0.562515
0.562515
0.559516
0.559516
0.559516
0.55931
0.557167
0.557167
0.557167
0.534767
0.534767
0.524237
0.524237
0.524237
0.516294
0.488586
0.488586
0.488586
0.486736
0.486736
0.486736
0.441238
0.416377
0.416377
0.416377
0.389271
0.329463
0.329463
0.329463
0.292511
0.270101
0.270101
0.270101
0.217787
0.217787
0.176307
0.131247
0.131247
0.131247
0.0531979
0.0531979
0.0077782
0.0077782
0.0077782
-0.0518878
-0.0518878
-0.112776
-0.168138
-0.168138
-0.216563
-0.216563
-0.216563
-0.279958
-0.279958
-0.323206
-0.390743
-0.390743
-0.439843
-0.439843
-0.491345
-0.491345
-0.491345
-0.54407
-0.578942
-0.578942
-0.578942
-0.605018
-0.605018
-0.635752
-0.654678
-0.654678
-0.654678
-0.654678
-0.666607
-0.671053
-0.671053
-0.671053
-0.664676
-0.652298
-0.652298
-0.652298
-0.649876
-0.649876
-0.615629
-0.615629
-0.575002
-0.575002
-0.538861
-0.538861
-0.50107
-0.50107
-0.474828
-0.474828
-0.414118
-0.414118
-0.379338
-0.35559
-0.35559
-0.35559
-0.302038
-0.302038
-0.255801
-0.255801
-0.187478
-0.188861
-0.188861
-0.188861
-0.157572
-0.157572
-0.122499
-0.122499
-0.109517
-0.109517
-0.0940335
-0.0940335
-0.0830137
-0.0830137
-0.0722256
-0.0722256
-0.0652932
-0.0652932
-0.0338393
-0.0465061
-0.0465061
-0.0465061
-0.0551152
-0.0551152
-0.0533143
-0.0533143
-0.0474937
-0.0474937
-0.064135
-0.064135
-0.0820097
-0.0820097
-0.0683346
-0.0863055
-0.0863055
-0.0863055
-0.0870174
-0.0870174
-0.086585
-0.086585
-0.093695
-0.093695
-0.100885
-0.100885
-0.0992847
-0.105587
-0.105587
-0.104053
-0.104053
-0.101049
-0.101049
-0.100118
-0.100118
-0.100118
-0.100641
-0.0962777
-0.0962777
-0.0962777
-0.0931481
-0.0879217
-0.0879217
-0.0879217
-0.0784482
-0.0784482
-0.0784482
-0.0742858
-0.0673789
-0.0583052
-0.0583052
-0.0542692
-0.0542692
-0.0447751
-0.0392727
-0.0392727
-0.0392727
-0.0275423
-0.0275423
-0.0268664
-0.0268664
-0.0149014
-0.0149014
-0.0114805
-0.0114805
-0.00381588
0.00484437
0.00484437
0.00484437
0.00745855
0.00745855
0.0124248
0.0124248
0.0136667
0.0136667
0.0201117
0.0201117
0.0253983
0.0253983
0.0202196
0.0202196
0.0202196
0.0244193
0.0224253
0.0260677
0.0260677
0.0260677
0.0260677
0.024791
0.0282331
0.0282331
0.0282331
0.0266759
0.0220634
0.0220634
0.0220634
0.0240398
0.015169
0.015169
0.015169
0.0184505
0.0137715
0.0137715
0.0137715
0.0133241
0.0119111
0.0119111
0.0119111
0.011747
0.011747
0.00209356
0.00429123
0.00483485
0.00483485
0.0032851
0.00370108
0.00370108
0.00370108
0.00737418
0.00737418
0.00311534
0.00311534
0.00224574
0.00224574
0.00343828
0.00343828
0.00688166
0.00688166
0.00493305
0.00493305
0.00714172
0.00714172
0.00714172
0.0114478
0.0121824
0.0121824
0.0121824
0.00770714
0.00770714
0.00981378
0.00981378
0.00551948
0.00551948
0.0119913
0.0119913
0.0119913
0.00899113
0.0142602
0.0121562
0.0121562
0.00975355
