-1.57232
-1.57232
-1.57232
-1.57605
-1.57605
-1.57605
-1.57149
-1.57149
-1.56565
-1.56565
-1.57352
-1.57352
-1.55545
-1.55545
-1.55035
-1.55035
-1.55035
-1.54667
-1.53631
-1.53631
-1.53631
-1.50981
-1.50981
-1.48393
-1.48393
-1.48393
-1.46332
-1.43172
-1.43172
-1.43172
-1.39917
-1.39917
-1.39917
-1.35929
-1.32031
-1.32031
-1.32031
-1.28359
-1.24214
-1.24214
-1.24214
-1.20056
-1.16662
-1.16662
-1.16662
-1.1101
-1.1101
-1.07078
-1.02558
-1.02558
-1.02558
-0.962325
-0.962325
-0.903245
-0.903245
-0.903245
-0.848052
-0.848052
-0.794935
-0.740689
-0.740689
-0.690442
-0.690442
-0.690442
-0.636522
-0.636522
-0.583274
-0.525273
-0.525273
-0.471086
-0.471086
-0.414985
-0.414985
-0.414985
-0.347618
-0.294915
-0.294915
-0.294915
-0.242652
-0.242652
-0.184926
-0.133417
-0.133417
-0.133417
-0.133417
-0.0644058
-0.0043596
-0.0043596
-0.0043596
0.0489114
0.0979554
0.0979554
0.0979554
0.156121
0.156121
0.209904
0.209904
0.260782
0.260782
0.305794
0.305794
0.353366
0.353366
0.400106
0.400106
0.437188
0.437188
0.48117
0.530204
0.530204
0.530204
0.554677
0.554677
0.591579
0.591579
0.605167
0.643471
0.643471
0.643471
0.670839
0.670839
0.697248
0.697248
0.711768
0.711768
0.727066
0.727066
0.738523
0.738523
0.742443
0.742443
0.750843
0.750843
0.747386
0.752404
0.752404
0.752404
0.749523
0.749523
0.743548
0.743548
0.733544
0.733544
0.722545
0.722545
0.70823
0.70823
0.687256
0.672836
0.672836
0.672836
0.64971
0.64971
0.627749
0.627749
0.600893
0.600893
0.576446
0.576446
0.547032
0.520925
0.520925
0.482056
0.482056
0.456094
0.456094
0.413597
0.413597
0.413597
0.376582
0.339026
0.339026
0.339026
0.306931
0.272551
0.272551
0.272551
0.224132
0.224132
0.224132
0.191073
0.15163
0.121783
0.121783
0.0831531
0.0831531
0.0505321
0.013299
0.013299
0.013299
-0.0150167
-0.0150167
-0.0446335
-0.0446335
-0.0786454
-0.0786454
-0.105609
-0.105609
-0.14023
-0.166218
-0.166218
-0.166218
-0.186643
-0.186643
-0.21945
-0.21945
-0.248654
-0.248654
-0.265677
-0.265677
-0.284914
-0.284914
-0.305862
-0.305862
-0.305862
-0.321101
-0.337472
-0.347886
-0.347886
-0.347886
-0.347886
-0.368449
-0.373741
-0.373741
-0.373741
-0.382452
-0.383377
-0.383377
-0.383377
-0.391918
-0.390876
-0.390876
-0.390876
-0.389166
-0.390176
-0.390176
-0.390176
-0.387295
-0.378518
-0.378518
-0.378518
-0.375666
-0.375666
-0.365315
-0.358561
-0.346467
-0.346467
-0.336199
-0.324104
-0.324104
-0.324104
-0.310418
-0.310418
-0.293582
-0.293582
-0.278331
-0.278331
-0.261966
-0.261966
-0.252049
-0.252049
-0.230275
-0.230275
-0.207951
-0.207951
-0.207951
-0.188193
-0.173428
-0.173428
-0.173428
-0.14837
-0.14837
-0.129427
-0.129427
-0.11237
-0.11237
-0.0924132
-0.0924132
-0.0924132
-0.0690557
-0.0494753
-0.0247784
-0.0247784
-0.00791335
