-1.06345
-1.07902
-1.07902
-1.07902
-1.06706
-1.06706
-1.06706
-1.07933
-1.08892
-1.08892
-1.08892
-1.06147
-1.04418
-1.04163
-1.00684
-0.999172
-0.968516
-0.968516
-0.968516
-0.93123
-0.93123
-0.93123
-0.93123
-0.918564
-0.918564
-0.918564
-0.918564
-0.858055
-0.858055
-0.858055
-0.858055
-0.858055
-0.793466
-0.793466
-0.793466
-0.793466
-0.750604
-0.699685
-0.674389
-0.625778
-0.601795
-0.529017
-0.529017
-0.511692
-0.463424
-0.434993
-0.386629
-0.326977
-0.305952
-0.289318
-0.263279
-0.25443
-0.214983
-0.211454
-0.200617
-0.195817
-0.195817
-0.179601
-0.186747
-0.173975
-0.170344
-0.166769
-0.162064
-0.158769
-0.154869
-0.151386
-0.15309
-0.15309
-0.151127
-0.151127
-0.147748
-0.147748
-0.141194
-0.141194
-0.138921
-0.139416
-0.135895
-0.135895
-0.129674
-0.127304
-0.125908
-0.117798
-0.116343
-0.116343
-0.112157
-0.108144
-0.108144
-0.101911
-0.1055
-0.0971544
-0.0990093
-0.0928337
-0.0840169
-0.0832462
-0.0862976
-0.0802613
-0.0756873
-0.068979
-0.0714608
-0.0691112
-0.0679227
-0.0614747
-0.0648774
-0.0636626
-0.0584258
-0.0571719
-0.057499
-0.0527494
-0.0527494
-0.0513585
-0.0490958
-0.0488495
-0.0506823
-0.0506823
-0.0449894
-0.0455635
-0.0448257
-0.0427668
-0.0427668
-0.0427668
-0.0406947
-0.0418297
-0.0365636
-0.0360112
-0.0384227
-0.0371364
-0.0331089
-0.0344813
-0.0322927
-0.034724
-0.0325816
-0.0299795
-0.0283457
-0.0284508
-0.0267493
-0.0283708
-0.0248907
-0.0248907
-0.0210636
-0.0252508
-0.0251637
-0.0226185
-0.0226185
-0.023388
-0.0230383
-0.0241133
-0.0222667
-0.0216201
-0.0216201
-0.0216201
-0.0202101
-0.0178926
-0.0216989
-0.0224825
-0.0168457
-0.0191086
-0.0139766
-0.0178935
-0.0136472
-0.0138396
-0.015958
-0.0152114
