2.15393 0.774065 
2.15186 0.775293 
2.17692 0.780035 
2.22523 0.760914 
2.22414 0.759182 
2.29656 0.748932 
2.27375 0.735193 
2.23097 0.701273 
2.14184 0.692776 
2.11671 0.68546 
2.03953 0.644234 
1.98607 0.619568 
1.97326 0.582023 
1.89454 0.556769 
1.81172 0.510339 
1.76945 0.498494 
1.72546 0.457041 
1.63001 0.393023 
1.60518 0.372205 
1.58144 0.345989 
1.48238 0.268654 
1.43077 0.213156 
1.41699 0.182423 
1.39276 0.154741 
1.35135 0.14332 
1.29929 0.128809 
1.27477 0.126553 
1.2698 0.123639 
1.26584 0.120163 
1.25708 0.126393 
1.23491 0.111134 
1.2174 0.116189 
1.19439 0.108561 
1.19464 0.106582 
1.17517 0.0980265 
1.1764 0.0951857 
1.14338 0.0856874 
1.12119 0.0851207 
1.10206 0.0827767 
1.07622 0.0778597 
1.06979 0.073362 
1.04767 0.0682655 
0.986608 0.0559453 
0.989348 0.0559682 
0.939484 0.0519321 
0.89121 0.0576456 
0.88276 0.0558994 
0.838398 0.05603 
0.807724 0.057465 
0.793113 0.0545154 
0.781888 0.0563071 
0.759979 0.053352 
0.734313 0.0491623 
0.729453 0.0503006 
0.724379 0.0480458 
0.704374 0.0432774 
0.679446 0.0403999 
0.67339 0.0371037 
0.677798 0.0368543 
0.646044 0.0280658 
0.634055 0.0267852 
0.616916 0.0231827 
0.6031 0.0183647 
0.603853 0.0177173 
0.60028 0.017364 
0.569696 0.012349 
0.563605 0.0146273 
0.563404 0.0159394 
0.554371 0.0142545 
0.552713 0.0154794 
0.543555 0.0128629 
0.53599 0.0138811 
0.518958 0.0133721 
0.517923 0.0145788 
0.508128 0.0146956 
0.505509 0.0149068 
0.476284 0.0100849 
0.470868 0.0112059 
0.456128 0.00989276 
0.446899 0.0125826 
0.450391 0.0130009 
0.453295 0.0122679 
0.446962 0.0127711 
0.436766 0.0127446 
0.42384 0.0143385 
0.419088 0.0127526 
0.419759 0.0115617 
0.405568 0.0142694 
0.397028 0.0127896 
0.392149 0.0103392 
0.386402 0.0104735 
0.378669 0.00923262 
0.358831 0.0100382 
0.359915 0.0082255 
0.359188 0.00834884 
0.34835 0.00642485 
0.339965 0.00881189 
0.328691 0.00542292 
0.321196 0.00421237 
0.328624 0.00514404 
0.309248 0.00416455 
0.321764 0.00612656 
0.320932 0.00356099 
0.309032 0.00263673 
0.286994 0.00340007 
0.281592 0.00267853 
0.266205 0.00354751 
0.261438 0.00398298 
0.257776 0.00294563 
0.25715 0.00440885 
0.256883 0.00341946 
0.24238 0.00341369 
0.239127 0.00348307 
0.242277 0.00334185 
0.239922 0.00327559 
0.232797 0.00357743 
0.222719 0.00325175 
0.216247 0.00237348 
0.216374 0.00328148 
0.206068 0.00246908 
0.199285 0.00190343 
0.20809 0.00122739 
0.193375 0.00227231 
0.200925 0.00134185 
0.188153 0.00141828 
0.188534 0.0013534 
0.1732 0.00104934 
0.180946 0.000989889 
0.166748 0.00137265 
0.172906 0.000514349 
0.171107 0.000847811 
0.163586 0.000981812 
0.174463 0.00109912 
0.160898 0.00237996 
0.149646 0.00123965 
0.147057 0.00158831 
0.153745 0.00133825 
0.153911 0.00100081 
0.142763 0.000151039 
0.142474 0.00126958 
0.141993 0.000378789 
0.126638 0.000932153 
0.128996 0.000444675 
0.128889 0.000309903 
0.12414 0.000590687 
0.128234 0.000549433 
0.122881 0.000419885 
0.130425 0.00100398 
0.114421 0.000543025 
0.127309 0.00063475 
0.126968 0.00111733 
0.113524 0.00132741 
0.11281 0.00123751 
0.110278 0.00292202 
0.107996 0.0021256 
0.0911663 0.00217289 
0.100847 0.00192462 
0.100565 0.00137319 
0.0875378 0.000326573 
0.127089 0.00157614 
0.108373 0.00114261 
0.102806 0.000618639 
0.0877149 0.000396913 
0.0955461 0.000396845 
0.0873731 0.000241682 
0.0834944 0.00100148 
0.0907844 0.000494658 
0.0875893 0.000285432 
0.0892168 0.000483769 
0.0883653 0.000309812 
0.085318 0.00128386 
0.0813963 0.00106363 
0.0797507 0.00132903 
0.0822292 0.00158281 
0.0813734 0.00238622 
0.0688468 0.00278168 
0.0716117 0.00203942 
0.0708765 0.00227138 
0.067441 0.0031134 
0.0592578 0.00311425 
0.0587359 0.00274292 
0.0728043 0.00130044 
0.0586798 0.00212213 
0.0637584 0.0030565 
0.0560365 0.00104456 
0.0582989 0.000636606 
0.0568537 0.000309642 
0.0625413 0.000475987 
0.0484563 0.00171052 
0.0606949 0.0020616 
0.0663808 0.00106458 
0.0472412 0.00112036 
0.057006 0.00211165 
0.0464485 0.00134527 
0.0640103 0.00178407 
0.052437 0.00225949 
0.0524 0.00221513 
0.0515455 0.001168 
0.0396525 0.00145077 
0.0390677 0.00134992 
0.0436113 0.00183693 
0.0442193 0.00105013 
0.0444965 0.00240687 
0.0491319 0.000761849 
0.0360364 0.00158293 
0.0449502 0.00330124 
0.0401557 0.00192864 
0.0394525 0.0017282 
0.0388934 0.000921781 
0.0715837 0.00226702 
0.0347451 0.000620942 
0.0277775 0.00176414 
0.0325268 0.00178544 
0.0350624 0.00307214 
0.0326157 0.00166111 
0.0467744 0.00197673 
0.05 0.000482786 
0.0262959 0.00253831 
0.0420423 0.00288826 
0.0389454 0.00113719 
0.0351456 0.00239685 
0.0361417 0.00240828 
0.036309 0.00199122 
0.0353023 0.00341875 
0.0278903 0.00218859 
0.0480457 0.00118027 
0.0341163 0.00168896 
0.0322548 0.00204464 
0.04196 0.00365371 
0.01897 0.0010058 
0.0640303 0.00272301 
0.0278781 0.00128968 
0.025431 0.00169438 
0.0241213 0.00173972 
0.0191866 0.000774944 
0.0173735 0.00150588 
0.0440674 0.00250759 
0.0259229 0.00147646 
0.0350414 0.00184786 
0.0250972 0.00204875 
0.0190426 0.00150159 
0.0193699 0.000917933 
0.0155706 0.00106914 
0.0234318 0.00123335 
0.0280138 0.000581755 
0.037328 0.00163613 
0.0218291 0.000727679 
0.0190428 0.000535209 
0.0176523 0.000476976 
0.0267578 0.000881974 
0.0156875 0.000531134 
0.0191237 0.000512117 
0.0193587 0.0010177 
0.0354819 0.000857525 
0.0365148 0.000563267 
0.0406857 0.000698806 
0.0464941 0.00190629 
0.0254489 0.00197014 
0.0331598 0.00122375 
0.01346 0.000148683 
0.0180129 0.000743623 
0.021358 0.00247223 
0.0380952 0.00216261 
0.0251123 0.00118331 
0.0195284 0.000245891 
0.0699181 0.0023657 
0.0711891 0.00270304 
0.0293298 0.000432453 
0.0125841 0.000732433 
0.0171578 0.000405895 
0.0166937 0.000583467 
0.0240148 0.000399733 
0.0293528 0.00120768 
0.0161425 0.00131082 
0.0256521 0.00229732 
