0.906871 -0.523091 -0.00716868 0.409068 
0.905089 -0.522028 -0.00761582 0.411873 
0.919382 -0.516199 -0.0219797 0.429277 
0.947683 -0.508736 -0.0196878 0.416173 
0.945689 -0.508905 -0.0188166 0.413301 
0.980871 -0.526464 -0.0288664 0.418294 
0.965144 -0.535879 -0.0273771 0.415215 
0.934037 -0.550999 -0.0289762 0.394541 
0.90132 -0.520028 0.00267045 0.389609 
0.879952 -0.529064 -0.0145537 0.394063 
0.846745 -0.508856 -0.00845878 0.379033 
0.825314 -0.485435 -0.000921775 0.375318 
0.815374 -0.497238 -0.00769378 0.342117 
0.770983 -0.502748 0.00314 0.366337 
0.726379 -0.492852 0.00314411 0.328789 
0.70696 -0.483766 0.00930687 0.346558 
0.69169 -0.468128 0.0114794 0.284371 
0.645044 -0.458335 0.00479358 0.289178 
0.631035 -0.46049 0.00596924 0.309994 
0.616897 -0.461287 0.00590374 0.287222 
0.567699 -0.446004 0.00407638 0.25155 
0.539284 -0.437971 0.000298885 0.224482 
0.534165 -0.434072 0.00577486 0.212924 
0.52295 -0.428154 0.00123526 0.21352 
0.507192 -0.415544 0.00299113 0.21498 
0.486166 -0.401309 0.00274988 0.193213 
0.478301 -0.394403 0.005885 0.189829 
0.472027 -0.397159 0.00425044 0.185459 
0.472425 -0.392318 0.00613143 0.180245 
0.466717 -0.390822 0.00131324 0.189589 
0.463148 -0.382618 0.00413361 0.1667 
0.458383 -0.372769 0.00416712 0.174283 
0.452624 -0.360744 0.00211175 0.162842 
0.452517 -0.360992 0.00248144 0.159872 
0.446642 -0.35563 0.00205841 0.14704 
0.447009 -0.354414 0.00573869 0.142779 
0.432126 -0.348694 -0.00167264 0.128531 
0.423934 -0.3424 0.00147362 0.127681 
0.418957 -0.331169 0.00400006 0.124165 
0.406142 -0.327624 -0.00153518 0.11679 
0.404974 -0.32436 0.0015554 0.110043 
0.396136 -0.318422 -6.9667e-05 0.102398 
0.369271 -0.307375 -0.000924866 0.0839179 
0.369641 -0.309195 -0.00116525 0.0839523 
0.351157 -0.294691 0.00085599 0.0727314 
0.330356 -0.283117 -0.000494642 0.0628881 
0.324716 -0.285078 -0.00160822 0.0602666 
0.311224 -0.264117 -0.000876234 0.0465409 
0.300294 -0.254301 0.00216175 0.0355916 
0.296544 -0.24615 0.00104306 0.0312811 
0.291952 -0.242273 -0.000921814 0.028098 
0.287892 -0.230795 0.000124104 0.0174154 
0.281174 -0.219139 -0.002001 0.00845044 
0.279699 -0.216574 -0.00149891 0.0101611 
0.27669 -0.215103 -0.00159745 0.00441782 
0.270115 -0.21106 -0.00423256 0.00149691 
0.261207 -0.201291 -0.00257944 -0.00778306 
0.260759 -0.196892 -0.000953254 -0.00686429 
0.263082 -0.196471 -0.000375481 -0.00723255 
0.251372 -0.188373 -0.00102319 -0.0120696 
0.250003 -0.17909 0.00124077 -0.0152474 
0.242969 -0.176129 -0.000372292 -0.0169829 
0.23465 -0.177323 -0.00379826 -0.0204431 
0.233821 -0.18038 -0.00402569 -0.0214137 
0.233672 -0.177775 -0.00126288 -0.0227441 
0.220817 -0.169161 -0.00333452 -0.0185235 
0.220235 -0.164325 -0.000674959 -0.021941 
0.220218 -0.162682 0.00204574 -0.0239091 
0.216015 -0.163878 -0.000106336 -0.0213817 
0.216294 -0.16074 0.00128401 -0.0232192 
0.212623 -0.157447 0.000464523 -0.0192943 
0.211015 -0.154202 0.00289961 -0.0208216 
0.202502 -0.154183 -0.000175875 -0.0200582 
0.202224 -0.153154 0.000180994 -0.0218682 
0.198305 -0.151038 -0.000818022 -0.0220433 
0.197514 -0.149471 -0.00024162 -0.0223603 
0.188476 -0.137156 -0.000363272 -0.0151274 
0.183891 -0.137842 0.00149115 -0.0168089 
0.175191 -0.139402 -0.00118623 -0.0135084 
0.170119 -0.137698 -0.00344797 -0.0126685 
0.17473 -0.134823 -0.000469137 -0.0122841 
0.17512 -0.136334 -0.000571365 -0.0114611 
0.175376 -0.129864 0.00103009 -0.0107428 
0.168882 -0.130905 0.00125504 -0.011717 
0.163994 -0.126698 -0.00150697 -0.0105905 
0.16504 -0.121463 0.000795033 -0.00894275 
0.167984 -0.114619 0.00554069 -0.00835831 
0.159984 -0.109341 0.00449286 -0.00860783 
0.153145 -0.118994 0.000287121 -0.00318485 
0.153028 -0.114304 0.00237792 -0.00105785 
0.150541 -0.112897 0.00159582 0.000362936 
0.141686 -0.11971 -0.00238997 0.00258301 
0.135255 -0.113002 -0.0014632 0.00117075 
0.137573 -0.109392 -0.00131768 0.0034005 
0.137656 -0.108103 -0.000690335 0.00321513 
0.133904 -0.106782 0.000519313 0.0009995 
0.127586 -0.108395 -0.000647885 0.000158483 
0.124948 -0.102484 0.00098236 0.00662437 
0.123411 -0.0968576 0.00193791 0.00500941 
0.12885 -0.0923557 0.00563859 0.00360969 
0.117483 -0.0926194 0.00113111 0.00624682 
0.124697 -0.0922592 0.00567167 0.00918984 
0.125494 -0.0950497 0.00604245 0.00534148 
0.115959 -0.0997426 -0.000907989 0.00395509 
0.109485 -0.0895342 0.000700372 0.00510011 
0.104212 -0.0902536 -0.000663107 0.0040178 
0.0993377 -0.0853784 -0.0021467 0.00532127 
0.0957352 -0.0864441 -0.00289049 0.00597447 
0.0942421 -0.0850105 -0.00228126 0.00441844 
0.0962204 -0.081064 -0.00181223 0.00661328 
0.0994194 -0.0772147 0.0024474 0.00512919 
0.0900573 -0.0780063 -0.000961145 0.00347075 
0.0877265 -0.0791492 -0.00178695 0.00505123 
0.0912526 -0.0759446 0.00285131 0.00501278 
0.0896455 -0.0772867 0.0021342 0.00331488 
0.0856325 -0.0765921 0.000671769 0.004038 
0.0847536 -0.0699747 0.000510759 0.00414721 
0.081997 -0.0686647 0.000381427 0.00331742 
0.082055 -0.0672886 0.00126133 0.00258587 
0.0776754 -0.0646144 0.000483507 0.00343179 
0.0779277 -0.0570433 0.0026149 0.00285514 
0.083171 -0.0548737 0.00640106 0.00101945 
0.0744551 -0.0592344 0.000824504 0.000857674 
0.0822936 -0.0529146 0.00781603 0.000779555 
0.0743 -0.0519115 0.00194181 0.00126018 
0.0747156 -0.0519017 0.00359489 -0.000678636 
0.0691522 -0.0497656 1.00048e-05 0.00060888 
0.0700048 -0.0557006 0.00103237 -0.0013858 
0.0614228 -0.0555684 -0.0040675 -0.00205898 
0.0679544 -0.0495042 0.000230706 -0.000423309 
0.0671676 -0.0487741 0.000742051 0.000546719 
0.0619235 -0.0516263 -0.00122368 0.00023929 
0.0732924 -0.0424361 0.00531129 -0.000648792 
0.0578323 -0.0553029 -0.00508824 -0.00356994 
0.0566376 -0.045143 -0.00154823 0.00045656 
0.0535621 -0.0485362 -0.0030222 -6.64944e-05 
0.0584844 -0.0464805 0.000781312 -0.00109679 
0.0593437 -0.0475516 0.00149958 -0.00143802 
0.0551048 -0.0435806 -0.000815799 0.000226558 
0.0552833 -0.0419967 0.00128195 0.000334282 
0.0541194 -0.0424466 0.00480439 0.000413797 
0.0452243 -0.0436081 -0.00150111 -0.00139823 
0.0456324 -0.0455047 -0.000873285 -0.000667013 
0.0470206 -0.0436512 -0.000799226 -0.000464855 
0.0468947 -0.039857 0.000864732 0.00088603 
0.0500635 -0.037933 0.00293821 -0.00082415 
0.0470406 -0.0382023 0.00130454 -0.000629828 
0.0524271 -0.036479 0.00518936 0.00150597 
0.0404367 -0.0399981 -0.00351564 -0.000652064 
0.0482645 -0.0412946 0.00184457 -0.000609629 
0.0493434 -0.0393926 0.00209658 -0.00133324 
0.0435951 -0.0356332 -0.000464802 -0.000104567 
0.0437598 -0.0355026 -0.00029377 -0.00174443 
0.0402825 -0.036414 -0.0037438 -0.00268511 
0.0402458 -0.0344653 -0.000862706 -0.0031884 
0.0307057 -0.032412 -0.00604073 4.18185e-06 
0.0363456 -0.0347875 -0.00022255 -1.13364e-05 
0.0374285 -0.0330697 0.000735026 0.00081552 
0.0321638 -0.0288277 -0.00316375 0.00048986 
0.0177591 -0.0503772 -0.00967462 -0.00228938 
0.0180178 -0.0452752 -0.00952559 -0.00171391 
0.0417023 -0.0227053 0.00599839 3.42159e-05 
0.0329783 -0.028085 0.000512994 0.000366368 
0.0369665 -0.029814 0.00389242 -0.000595268 
0.0320237 -0.0295627 -0.00022334 -0.00021868 
0.0306155 -0.0266563 0.00053232 0.00150223 
0.0350119 -0.0273283 0.00273399 -0.000215421 
0.0335463 -0.0269705 0.00143196 9.82127e-05 
0.0362042 -0.0255189 0.002554 -0.000725654 
0.0362182 -0.0236166 0.00226004 1.79076e-05 
0.033604 -0.0259419 -0.000385986 -0.0019258 
0.0327615 -0.0233211 0.00134659 0.00110059 
0.0307436 -0.0252084 0.000753594 0.000702399 
0.0332423 -0.0217786 0.00324253 0.00108838 
0.0354928 -0.0187824 0.00424591 0.00357933 
0.0277775 -0.0200774 0.00119331 0.00417253 
0.0298477 -0.0188156 0.00222309 0.00192344 
0.0284663 -0.0209586 0.00220139 0.00340707 
0.0290343 -0.015469 0.00244912 0.00467011 
0.0242544 -0.0169534 -0.000812336 0.00467138 
0.0232432 -0.0177582 -0.00153793 0.00411438 
0.0306417 -0.0191591 0.00290056 0.000759374 
0.0208992 -0.018672 -0.00205807 0.00318319 
0.0281164 -0.0146942 0.00192365 0.00458474 
0.0198083 -0.0195351 -0.00241888 0.00148725 
0.0220441 -0.0190351 -0.000971967 0.000538532 
0.0191246 -0.0206086 -0.00156575 0.000464463 
0.0238981 -0.0200889 0.00112877 -0.000713981 
0.0146321 -0.0186695 -0.0034362 0.000391719 
0.0208708 -0.0216121 0.00170016 0.00289975 
0.0140279 -0.0258324 -0.00214416 0.00127232 
0.0149438 -0.0182361 -0.000948037 0.0016324 
0.0225309 -0.0137859 0.0037735 0.00316747 
0.0150207 -0.0176595 -0.000702204 0.00175306 
0.0159849 -0.0231147 0.00096171 0.0026761 
0.0207926 -0.0130899 0.00303462 0.00338924 
0.0235125 -0.0108178 0.00295798 -8.79879e-05 
-0.00526074 -0.0180378 -0.0140136 0.001752 
0.00913949 -0.0170421 -0.00345515 0.00147984 
0.0107536 -0.0160782 -0.0026013 0.0013286 
0.0132327 -0.0170924 -0.00134804 0.0027554 
0.0153797 -0.0158692 -0.000529721 0.000106917 
0.015429 -0.0154703 -0.000102973 0.00361031 
0.0201439 -0.0136118 0.00297562 0.000845298 
0.0101492 -0.0143157 -0.00303704 -0.000147557 
0.0130835 -0.0169059 -0.00165064 -0.00398521 
0.0153595 -0.0115695 0.00179973 0.00138725 
0.0144239 -0.012929 0.00152125 0.0025923 
0.0149633 -0.0116997 0.00036637 0.00138267 
-0.00369247 -0.0268391 -0.0113472 -0.00165867 
0.0126733 -0.011318 -0.0011566 -0.000931413 
0.00823436 -0.0103697 -0.00352157 0.000455816 
0.00960586 -0.0127139 -0.00191713 7.24594e-05 
0.0099711 -0.0129003 -0.0013005 -0.00173216 
0.00922849 -0.0120975 -0.00183538 -0.000386488 
0.00191422 -0.0171618 -0.00668563 -0.0029651 
0.0211899 -0.0106686 0.00654768 0.000532926 
0.00862973 -0.00817291 -0.00185478 -0.000739701 
0.00752666 -0.0147334 -0.00226451 0.00019756 
-0.000445537 -0.0149404 -0.00733514 -0.0014595 
0.0139991 -0.0103475 0.00188757 0.00136758 
0.0146872 -0.00948906 0.00238507 -0.00198566 
0.0123167 -0.0124666 0.00100734 0.000166759 
0.0141013 -0.0103458 0.00183302 -0.00197464 
-0.000436081 -0.0100265 -0.00662847 -0.00214297 
0.00290273 -0.0158565 -0.00548493 -0.00171406 
0.0119094 -0.0116239 0.000581671 -0.00253345 
0.0138724 -0.00791126 0.00154569 0.00306695 
-0.0086364 -0.00393601 -0.0124789 -0.0019787 
0.0059098 -0.00696875 -0.00166621 0.000992989 
0.0279964 -0.00931861 0.0123207 -0.00408452 
0.00784687 -0.00964682 -0.000675653 -0.00193452 
0.00590622 -0.0106546 -0.00111007 -0.00254157 
0.0062358 -0.00986963 -0.00119257 -0.00139836 
0.00786666 -0.00372561 0.0010086 -0.00116242 
0.00716352 -0.00436661 0.000280432 0.00135845 
0.0165746 -0.00992918 0.00675732 -0.00376139 
0.0104626 -0.00669593 0.00217976 -0.000726437 
0.01453 -0.00512059 0.0044724 -0.00277179 
0.00555127 -0.00995667 -0.000978674 -0.00307312 
0.00632556 -0.00663261 -8.63322e-05 -0.00225239 
0.0061871 -0.00725466 -0.00131544 -0.00112371 
0.00483663 -0.0055398 -0.000290926 -0.0016037 
0.00974112 -0.00638125 0.000481702 -0.0012963 
0.011376 -0.00262445 0.00388247 -0.000872632 
0.0142022 0.000698267 0.00509824 -0.00245419 
0.00799988 -0.00279298 0.000712101 -0.00109152 
0.00456095 -0.00703894 -0.000779472 -0.000802814 
0.00532383 -0.00680322 -0.00109544 -0.000486955 
0.0112679 -0.000951874 0.00318757 0.000371772 
0.0060614 -0.00436879 -0.000789393 -0.000784716 
0.00443853 -0.00794899 -0.00104859 -0.000656297 
0.00850525 -0.00158915 0.00177299 -0.00030749 
0.0152027 -0.00546831 0.00616954 -0.00128629 
0.0153716 -0.00396405 0.00711435 0.000310307 
0.0183854 -0.0031686 0.00724338 -0.00104821 
0.016241 -0.0103677 0.00721221 -0.00285943 
0.0109805 -0.00119466 0.00238148 -0.00203513 
0.0140435 0.00170401 0.00412041 -0.00183562 
0.005194 -0.00412236 -0.000381058 -0.000223025 
0.00736868 -0.00452249 0.00185542 0.000389787 
0.00763272 -0.00742241 0.000824002 -0.00216246 
0.0149234 -0.000128766 0.00675732 -0.00169795 
0.0102846 -0.00151761 0.00239426 -0.00177497 
0.00852087 -0.00245935 0.00104049 -0.000368836 
0.0287386 -0.00118362 0.015542 -0.00354855 
0.0217614 -0.0154228 0.0109284 -0.00186142 
0.0133047 -0.00331603 0.00495923 -0.00064868 
0.0039316 -0.00466198 -0.00093734 0.00109865 
0.00593147 -0.005791 0.000739718 0.000608842 
0.00679584 -0.00293332 0.00160706 0.000875201 
0.00979532 -0.00154009 0.00262659 -0.000106065 
0.00329634 -0.0101599 0.000216617 0.00114181 
0.00651992 -0.00345092 0.00168224 0.00196622 
0.0107056 -0.00557406 0.00398158 -0.00344597 
