0.396557 -1.5 0.398157 -1.35078 -0.866025 -1.35701 0.0104289 0 -3.36473e-08 -0.501734 0 -0.5 
0.401331 -1.5 0.398157 -1.38194 -0.866025 -1.35701 -0.0123217 0 -3.41103e-08 -0.501354 0 -0.5 
0.400724 -1.5 0.398156 -1.37219 -0.866025 -1.35701 -0.00388235 0 -0.000206743 -0.500712 0 -0.500001 
0.399211 -1.5 0.398115 -1.37378 -0.866025 -1.35702 -0.00764067 0 3.53292e-05 -0.501945 0 -0.500028 
0.475029 -1.5 0.397115 -1.35872 -0.866025 -1.35701 -0.0299598 0 -0.0016738 -0.49385 0 -0.499342 
0.541559 -1.5 0.395102 -1.34925 -0.866025 -1.35681 -0.0491629 0 -0.00268783 -0.48893 0 -0.497391 
0.601423 -1.5 0.392672 -1.35025 -0.866025 -1.35643 -0.0547319 0 -0.00235951 -0.483465 0 -0.495947 
0.596167 -1.5 0.390401 -1.34039 -0.866025 -1.35583 -0.0564991 0 -0.00016081 -0.483648 0 -0.496551 
0.694636 -1.5 0.380442 -1.39357 -0.866025 -1.35379 -0.100168 0 -0.000324904 -0.475159 0 -0.490848 
0.661822 -1.5 0.361543 -1.39214 -0.866025 -1.3497 -0.0903148 0 0.000874137 -0.470069 0 -0.483298 
0.622614 -1.5 0.336691 -1.44821 -0.866025 -1.34448 -0.125913 0 0.0017295 -0.460362 0 -0.473408 
0.587101 -1.5 0.322125 -1.40879 -0.866025 -1.34145 -0.0887508 0 0.00218563 -0.458383 0 -0.467561 
0.537689 -1.5 0.285877 -1.42072 -0.866025 -1.33488 -0.0891262 0 0.00267035 -0.448887 0 -0.450507 
0.514761 -1.5 0.269578 -1.45687 -0.866025 -1.33162 -0.116365 0 0.003453 -0.438246 0 -0.444687 
0.414878 -1.5 0.243051 -1.39303 -0.866025 -1.32844 -0.0608532 0 0.00320599 -0.433037 0 -0.428127 
0.356984 -1.5 0.219334 -1.38772 -0.866025 -1.32471 -0.0528431 0 0.00398122 -0.422752 0 -0.417141 
0.341086 -1.5 0.190714 -1.3712 -0.866025 -1.31888 -0.0385655 0 0.00563409 -0.412808 0 -0.409162 
0.298276 -1.5 0.161516 -1.36041 -0.866025 -1.31661 -0.0504347 0 0.00582467 -0.391545 0 -0.388348 
0.276522 -1.5 0.128478 -1.34271 -0.866025 -1.31007 -0.0621921 0 0.00736447 -0.3779 0 -0.379682 
0.253372 -1.5 0.105812 -1.28924 -0.866025 -1.30722 -0.0100568 0 0.00789249 -0.369357 0 -0.367929 
0.254949 -1.5 0.0824931 -1.36042 -0.866025 -1.30437 -0.0591707 0 0.00842685 -0.353945 0 -0.355616 
0.210806 -1.5 0.0586377 -1.3504 -0.866025 -1.30155 -0.0420821 0 0.00897085 -0.342431 0 -0.342834 
0.10671 -1.5 0.00998114 -1.38486 -0.866025 -1.2962 -0.0368439 0 0.0100001 -0.312544 0 -0.316497 
-0.0071469 -1.5 -0.0385174 -1.34355 -0.866025 -1.2913 0.00143514 0 0.0109583 -0.291147 0 -0.28947 
-0.0851985 -1.5 -0.0730388 -1.3064 -0.866025 -1.29166 0.0260308 0 0.0116605 -0.267456 0 -0.258648 
-0.0844663 -1.5 -0.0858085 -1.30832 -0.866025 -1.28662 0.0263175 0 0.0118098 -0.267461 0 -0.261951 
-0.132151 -1.5 -0.121545 -1.32454 -0.866025 -1.28604 0.0057392 0 0.0125318 -0.236077 0 -0.231269 
-0.206417 -1.5 -0.180811 -1.31326 -0.866025 -1.2819 0.0185838 0 0.0136101 -0.200237 0 -0.187503 
-0.221805 -1.5 -0.196029 -1.3098 -0.866025 -1.27537 0.0139676 0 0.0135648 -0.200037 0 -0.191734 
-0.24811 -1.5 -0.229014 -1.33082 -0.866025 -1.27417 0.0114213 0 0.0141494 -0.165543 0 -0.161761 
-0.278962 -1.5 -0.262511 -1.34036 -0.866025 -1.26534 0.0151318 0 0.0142572 -0.154507 0 -0.151987 
-0.31397 -1.5 -0.302763 -1.33869 -0.866025 -1.25882 0.0196327 0 0.0145703 -0.12669 0 -0.12608 
-0.382138 -1.5 -0.329095 -1.32542 -0.866025 -1.25778 0.0140521 0 0.0148956 -0.100953 0 -0.0977681 
-0.382868 -1.5 -0.340709 -1.32462 -0.866025 -1.25198 0.0139618 0 0.0147577 -0.100948 0 -0.101239 
-0.415234 -1.5 -0.375089 -1.34898 -0.866025 -1.24441 -0.0121277 0 0.0147874 -0.0827779 0 -0.0804616 
-0.424473 -1.5 -0.409919 -1.3087 -0.866025 -1.23743 0.0194537 0 0.0147955 -0.0635011 0 -0.0548979 
-0.440036 -1.5 -0.435717 -1.30325 -0.866025 -1.22825 0.0146048 0 0.0146493 -0.0404738 0 -0.0471714 
-0.460896 -1.5 -0.462786 -1.29184 -0.866025 -1.22847 0.00595081 0 0.0146739 -0.0123944 0 -0.00753196 
-0.490407 -1.5 -0.471699 -1.29027 -0.866025 -1.22333 0.000276972 0 0.0145708 -0.0182453 0 -0.0104944 
-0.511268 -1.5 -0.497702 -1.26445 -0.866025 -1.21667 0.00440127 0 0.0144068 0.00225684 0 0.00600701 
-0.545053 -1.5 -0.512052 -1.25659 -0.866025 -1.2128 0.00340356 0 0.0143019 0.00979176 0 0.0143786 
-0.563181 -1.5 -0.535038 -1.26328 -0.866025 -1.20785 0.00724146 0 0.0141258 0.0213845 0 0.0315223 
-0.576163 -1.5 -0.546755 -1.26014 -0.866025 -1.20486 0.00699209 0 0.01402 0.0298397 0 0.0391862 
-0.575695 -1.5 -0.562289 -1.24499 -0.866025 -1.20329 0.0107964 0 0.0138787 0.0488035 0 0.0557182 
-0.586317 -1.5 -0.573276 -1.23368 -0.866025 -1.20012 0.0169629 0 0.0137717 0.0622031 0 0.0620816 
-0.604789 -1.5 -0.580345 -1.24483 -0.866025 -1.19536 -0.00242665 0 0.0137094 0.0574689 0 0.0596434 
-0.614052 -1.5 -0.602205 -1.21884 -0.866025 -1.18851 -0.00248091 0 0.0135082 0.0676056 0 0.0711261 
-0.618123 -1.5 -0.613267 -1.20173 -0.866025 -1.18485 -0.00292847 0 0.01341 0.0788408 0 0.0761828 
-0.622569 -1.5 -0.626766 -1.19854 -0.866025 -1.18019 -0.000889425 0 0.0132882 0.079676 0 0.0816672 
-0.637233 -1.5 -0.639215 -1.20639 -0.866025 -1.17859 0.0013222 0 0.0131783 0.0825054 0 0.0911035 
-0.626545 -1.5 -0.652359 -1.20134 -0.866025 -1.17298 0.0177944 0 0.0130775 0.087066 0 0.09393 
-0.65772 -1.5 -0.667535 -1.2042 -0.866025 -1.16565 0.00594075 0 0.0129768 0.0889398 0 0.0958461 
-0.678084 -1.5 -0.6729 -1.21471 -0.866025 -1.16165 0.00231042 0 0.0129487 0.098149 0 0.0944244 
-0.685705 -1.5 -0.688115 -1.19406 -0.866025 -1.15847 0.003808 0 0.0128559 0.10039 0 0.102109 
-0.694163 -1.5 -0.713344 -1.16606 -0.866025 -1.14584 0.0117837 0 0.0127403 0.102458 0 0.103655 
-0.715446 -1.5 -0.727747 -1.1699 -0.866025 -1.1391 -0.000164286 0 0.0126799 0.104395 0 0.104625 
-0.72426 -1.5 -0.743208 -1.16323 -0.866025 -1.1301 0.00270552 0 0.0126272 0.10411 0 0.103584 
-0.743547 -1.5 -0.757636 -1.15763 -0.866025 -1.12326 -0.00387646 0 0.0125856 0.104413 0 0.103731 
-0.749051 -1.5 -0.779064 -1.18494 -0.866025 -1.11308 -0.00427153 0 0.0125365 0.108142 0 0.1031 
-0.797689 -1.5 -0.791603 -1.16761 -0.866025 -1.10822 -0.00780511 0 0.0125129 0.10292 0 0.102835 
-0.795523 -1.5 -0.810423 -1.17198 -0.866025 -1.09362 -0.00367931 0 0.0124728 0.104176 0 0.098413 
-0.821794 -1.5 -0.824705 -1.14782 -0.866025 -1.09103 0.00630798 0 0.0124423 0.103727 0 0.0985128 
-0.849954 -1.5 -0.837176 -1.15246 -0.866025 -1.08731 0.00131948 0 0.012427 0.10042 0 0.0969948 
-0.854928 -1.5 -0.855908 -1.14702 -0.866025 -1.07536 0.00579531 0 0.012414 0.0986783 0 0.0929053 
-0.892149 -1.5 -0.865472 -1.14185 -0.866025 -1.07045 0.00124121 0 0.0124163 0.099571 0 0.0907319 
-0.91471 -1.5 -0.874584 -1.14913 -0.866025 -1.06573 -0.00321276 0 0.0124242 0.0960771 0 0.0884252 
-0.918269 -1.5 -0.884495 -1.11735 -0.866025 -1.06257 -0.00122192 0 0.0124374 0.0870573 0 0.0851808 
-0.915773 -1.5 -0.899285 -1.11147 -0.866025 -1.05287 0.000599897 0 0.0124593 0.0859144 0 0.080805 
-0.942044 -1.5 -0.906917 -1.10848 -0.866025 -1.0493 -0.00578012 0 0.0124792 0.0811927 0 0.0778541 
-0.950766 -1.5 -0.920488 -1.08752 -0.866025 -1.04197 -0.00108619 0 0.0125129 0.0753695 0 0.0724535 
-0.954426 -1.5 -0.926961 -1.08178 -0.866025 -1.03865 -0.000434879 0 0.012527 0.0750391 0 0.0695496 
-0.959871 -1.5 -0.934162 -1.07683 -0.866025 -1.03668 -0.000198148 0 0.0125518 0.0691067 0 0.064887 
-0.966452 -1.5 -0.939172 -1.0688 -0.866025 -1.03242 0.000993484 0 0.0125653 0.0649622 0 0.0636048 
-0.972587 -1.5 -0.951475 -1.06089 -0.866025 -1.02801 -0.00454202 0 0.0126165 0.054796 0 0.0555351 
-0.976334 -1.5 -0.955912 -1.0537 -0.866025 -1.02416 -0.00281909 0 0.0126295 0.0570747 0 0.0544461 
-0.982304 -1.5 -0.966574 -1.04448 -0.866025 -1.01962 -1.58015e-05 0 0.0126797 0.050991 0 0.0478516 
-0.995281 -1.5 -0.972504 -1.06151 -0.866025 -1.0185 -0.00866858 0 0.0127142 0.0442754 0 0.0430087 
-0.995842 -1.5 -0.976491 -1.04753 -0.866025 -1.01501 -0.00411567 0 0.0127294 0.0415593 0 0.0421643 
-1.00295 -1.5 -0.986378 -1.0468 -0.866025 -1.01099 -0.00427845 0 0.0127838 0.039067 0 0.036168 
-1.01162 -1.5 -0.99126 -1.04252 -0.866025 -1.00907 -0.00309536 0 0.012812 0.0352112 0 0.033224 
-1.0123 -1.5 -0.996117 -1.03661 -0.866025 -1.0072 -0.00320034 0 0.0128377 0.0325275 0 0.0303189 
-1.00529 -1.5 -0.999866 -1.03203 -0.866025 -1.004 -0.000563032 0 0.0128581 0.0320326 0 0.0297555 
-1.02048 -1.5 -1.00937 -1.04087 -0.866025 -1.00059 -0.0075434 0 0.0129008 0.0260164 0 0.0241783 
-1.03421 -1.5 -1.01472 -1.03245 -0.866025 -0.999913 -0.00315878 0 0.012919 0.0200195 0 0.0201035 
-1.03136 -1.5 -1.01615 -1.01983 -0.866025 -1.00162 -0.000748069 0 0.0129214 0.0146126 0 0.017395 
-1.04048 -1.5 -1.02458 -1.01166 -0.866025 -0.998049 0.00466784 0 0.012946 0.0166203 0 0.0135967 
-1.0499 -1.5 -1.03324 -1.02099 -0.866025 -0.995333 0.000969604 0 0.012976 0.0118608 0 0.00918828 
-1.05776 -1.5 -1.03761 -1.0281 -0.866025 -0.994199 -0.000548812 0 0.0129955 0.00891049 0 0.00688969 
-1.07067 -1.5 -1.0419 -1.02898 -0.866025 -0.993123 -0.00498475 0 0.013018 0.00473594 0 0.00467942 
-1.07428 -1.5 -1.04637 -1.04076 -0.866025 -0.992361 -0.00584585 0 0.0130429 0.00344157 0 0.00217269 
-1.08207 -1.5 -1.05025 -1.03277 -0.866025 -0.991143 -0.00408254 0 0.013068 0.00220123 0 0.000543529 
-1.09435 -1.5 -1.05824 -1.02697 -0.866025 -0.989358 -0.00319554 0 0.0131211 -0.000639908 0 -0.00320609 
-1.0868 -1.5 -1.0621 -1.01399 -0.866025 -0.988516 0.00477618 0 0.0131484 -0.00549236 0 -0.00493254 
-1.09574 -1.5 -1.06591 -1.01632 -0.866025 -0.987684 0.00144117 0 0.0131733 -0.00717381 0 -0.00655991 
-1.09025 -1.5 -1.0714 -1.0088 -0.866025 -0.987487 0.00904385 0 0.0132011 -0.00955103 0 -0.0095896 
-1.10492 -1.5 -1.07723 -1.02542 -0.866025 -0.985089 -0.00371556 0 0.0132435 -0.0114856 0 -0.0108554 
-1.10295 -1.5 -1.08101 -1.01374 -0.866025 -0.984176 0.00149959 0 0.0132653 -0.0109619 0 -0.0120926 
-1.10421 -1.5 -1.0848 -1.01211 -0.866025 -0.983242 0.00192641 0 0.0132863 -0.0139364 0 -0.0132335 
-1.1 -1.5 -1.0891 -1.01154 -0.866025 -0.981917 0.00604228 0 0.0133119 -0.0117002 0 -0.0142422 
-1.12493 -1.5 -1.09591 -1.02035 -0.866025 -0.980152 0.00123999 0 0.0133467 -0.0156035 0 -0.015883 
-1.11162 -1.5 -1.09968 -1.00737 -0.866025 -0.979154 0.0095621 0 0.0133604 -0.0183632 0 -0.0166677 
-1.13544 -1.5 -1.10365 -1.01447 -0.866025 -0.978305 -0.000813378 0 0.0133698 -0.0162249 0 -0.0175405 
-1.13428 -1.5 -1.10736 -1.02128 -0.866025 -0.977288 -0.00281572 0 0.0133759 -0.0186532 0 -0.0181367 
-1.13811 -1.5 -1.11467 -1.01367 -0.866025 -0.975255 -0.000901019 0 0.0133789 -0.0210661 0 -0.0190871 
-1.14778 -1.5 -1.11873 -1.01485 -0.866025 -0.973931 -0.00118785 0 0.0133795 -0.02017 0 -0.0193918 
-1.15134 -1.5 -1.12132 -1.00805 -0.866025 -0.97362 0.00118958 0 0.0133737 -0.0205927 0 -0.0197884 
-1.15303 -1.5 -1.12742 -1.0011 -0.866025 -0.970843 0.0039765 0 0.0133774 -0.0195445 0 -0.019668 
-1.16358 -1.5 -1.1312 -0.994312 -0.866025 -0.970232 0.00524077 0 0.0133666 -0.0213529 0 -0.0199726 
-1.1724 -1.5 -1.1351 -1.00103 -0.866025 -0.969704 0.00137962 0 0.0133516 -0.0209628 0 -0.020217 
-1.18388 -1.5 -1.13784 -1.00987 -0.866025 -0.969087 -0.00110522 0 0.0133415 -0.0188984 0 -0.0202409 
-1.18677 -1.5 -1.14445 -1.00727 -0.866025 -0.966896 -0.00515592 0 0.0133193 -0.0210283 0 -0.0199302 
-1.18213 -1.5 -1.15066 -1.00145 -0.866025 -0.964858 -0.00306479 0 0.0132964 -0.0211903 0 -0.0194652 
-1.18303 -1.5 -1.15694 -0.999836 -0.866025 -0.962729 -0.00207626 0 0.0132782 -0.0199086 0 -0.0188245 
-1.17842 -1.5 -1.16006 -0.987713 -0.866025 -0.96165 0.00493095 0 0.0132717 -0.0199329 0 -0.0184427 
-1.19506 -1.5 -1.16317 -0.991945 -0.866025 -0.960572 0.00222569 0 0.0132667 -0.0205559 0 -0.0180253 
-1.19983 -1.5 -1.16927 -0.989273 -0.866025 -0.958457 -0.00201767 0 0.0132571 -0.0213988 0 -0.0170954 
-1.19851 -1.5 -1.17227 -0.98223 -0.866025 -0.957431 0.00271855 0 0.0132532 -0.0187144 0 -0.0165834 
-1.18603 -1.5 -1.17422 -0.95905 -0.866025 -0.956053 0.0176982 0 0.0132583 -0.0171339 0 -0.0163163 
-1.17788 -1.5 -1.18105 -0.946168 -0.866025 -0.954347 0.0257724 0 0.0132379 -0.020008 0 -0.0149509 
-1.21923 -1.5 -1.18728 -0.9802 -0.866025 -0.952809 -0.00355069 0 0.0132228 -0.0149128 0 -0.0135961 
-1.20681 -1.5 -1.19359 -0.969117 -0.866025 -0.950346 0.00530381 0 0.0132087 -0.0162805 0 -0.012407 
-1.21911 -1.5 -1.19706 -0.96874 -0.866025 -0.949422 0.00419804 0 0.0131965 -0.0110444 0 -0.011648 
-1.22304 -1.5 -1.2003 -0.967608 -0.866025 -0.948407 0.00436707 0 0.0131842 -0.0102316 0 -0.0109705 
-1.2296 -1.5 -1.20235 -0.976099 -0.866025 -0.946949 0.000100807 0 0.0131809 -0.0116371 0 -0.010765 
-1.24251 -1.5 -1.21021 -0.987623 -0.866025 -0.945171 -0.00140368 0 0.0131343 -0.00751061 0 -0.00888699 
-1.25413 -1.5 -1.21587 -0.98668 -0.866025 -0.943657 -0.00439031 0 0.0130979 -0.00925771 0 -0.00755717 
-1.24884 -1.5 -1.2217 -0.970256 -0.866025 -0.942061 -0.00064455 0 0.0130658 -0.0059585 0 -0.00621003 
-1.24853 -1.5 -1.22486 -0.964652 -0.866025 -0.941105 0.00189533 0 0.0130515 -0.00620543 0 -0.005524 
-1.26347 -1.5 -1.22729 -0.976453 -0.866025 -0.940669 -0.00340138 0 0.0130454 -0.00575852 0 -0.00490195 
-1.26065 -1.5 -1.22998 -0.970597 -0.866025 -0.940041 -0.000600094 0 0.0130407 -0.00482461 0 -0.00426605 
-1.27228 -1.5 -1.23281 -0.984797 -0.866025 -0.939548 -0.00409141 0 0.0130399 -0.00870624 0 -0.00354275 
-1.28163 -1.5 -1.23535 -0.970673 -0.866025 -0.938978 -0.000361808 0 0.0130402 -0.00100667 0 -0.00293971 
-1.27307 -1.5 -1.23791 -0.959586 -0.866025 -0.938104 0.00593019 0 0.013038 -0.000872762 0 -0.00243804 
-1.25031 -1.5 -1.24008 -0.942943 -0.866025 -0.937741 0.0205021 0 0.0130398 -0.00273758 0 -0.00188651 
-1.28149 -1.5 -1.24251 -0.967902 -0.866025 -0.937143 0.000167687 0 0.0130417 -0.000681456 0 -0.00133866 
-1.27262 -1.5 -1.24827 -0.949159 -0.866025 -0.936287 0.0119212 0 0.0130586 0.00142488 0 0.000141374 
-1.26892 -1.5 -1.25224 -0.947468 -0.866025 -0.93432 0.0132064 0 0.0130555 0.000450403 0 0.000642877 
-1.26367 -1.5 -1.25636 -0.939389 -0.866025 -0.932177 0.0185645 0 0.0130482 0.00672607 0 0.0010999 
-1.28112 -1.5 -1.25971 -0.958053 -0.866025 -0.931694 0.00775041 0 0.01306 0.00399008 0 0.00190072 
-1.30233 -1.5 -1.26462 -0.980994 -0.866025 -0.929873 -0.00789985 0 0.0130639 0.00260471 0 0.00262713 
-1.30999 -1.5 -1.26928 -0.96112 -0.866025 -0.928157 -0.00190702 0 0.0130476 0.00214426 0 0.00326087 
-1.30875 -1.5 -1.2727 -0.95846 -0.866025 -0.927576 3.1582e-05 0 0.0130301 0.00320681 0 0.00388031 
-1.31531 -1.5 -1.27384 -0.958391 -0.866025 -0.926663 -0.00267917 0 0.0130145 0.0026381 0 0.00385761 
-1.32157 -1.5 -1.2779 -0.959245 -0.866025 -0.925131 -0.00440311 0 0.0129749 0.00474926 0 0.00425124 
-1.31622 -1.5 -1.28068 -0.953394 -0.866025 -0.924823 -0.0031109 0 0.0129588 0.00292344 0 0.00465606 
-1.33456 -1.5 -1.282 -0.961144 -0.866025 -0.923759 -0.00759456 0 0.0129401 0.00386059 0 0.00461185 
-1.33201 -1.5 -1.28604 -0.959664 -0.866025 -0.922463 -0.00715147 0 0.0129133 0.0021508 0 0.00488979 
-1.32361 -1.5 -1.28804 -0.951637 -0.866025 -0.92185 -0.00187996 0 0.0129042 0.00411918 0 0.00499968 
-1.32326 -1.5 -1.29001 -0.948017 -0.866025 -0.921261 -0.000610004 0 0.0128985 0.00573233 0 0.00509127 
-1.32798 -1.5 -1.29195 -0.958116 -0.866025 -0.920694 -0.00208873 0 0.0128974 0.00420703 0 0.00516498 
-1.31906 -1.5 -1.29385 -0.944213 -0.866025 -0.920144 0.00700632 0 0.0129 0.00571808 0 0.00522148 
-1.33431 -1.5 -1.29749 -0.952582 -0.866025 -0.91907 0.000227236 0 0.0129097 0.00572752 0 0.00528546 
-1.34703 -1.5 -1.29946 -0.956676 -0.866025 -0.918348 -0.00164972 0 0.012916 0.00685055 0 0.00528257 
-1.33254 -1.5 -1.3026 -0.945328 -0.866025 -0.917449 0.00933154 0 0.0129257 0.00594949 0 0.00527229 
-1.34431 -1.5 -1.30498 -0.950834 -0.866025 -0.917047 0.00329579 0 0.0129275 0.00548551 0 0.00524945 
-1.34307 -1.5 -1.30734 -0.944242 -0.866025 -0.915724 0.00546888 0 0.0129343 0.00727975 0 0.00514269 
-1.35225 -1.5 -1.30896 -0.950022 -0.866025 -0.915169 -0.000717062 0 0.0129325 0.00626943 0 0.00507383 
-1.35173 -1.5 -1.31037 -0.951632 -0.866025 -0.914473 -0.000320317 0 0.0129322 0.00595398 0 0.00499745 
-1.34998 -1.5 -1.31359 -0.944848 -0.866025 -0.912941 0.00228636 0 0.0129242 0.00601655 0 0.00480158 
-1.353 -1.5 -1.31487 -0.94401 -0.866025 -0.912432 -0.000195747 0 0.0129178 0.00486546 0 0.00471057 
-1.3553 -1.5 -1.3174 -0.944805 -0.866025 -0.91078 0.000112585 0 0.0129172 0.00361108 0 0.00453697 
-1.35786 -1.5 -1.3208 -0.944981 -0.866025 -0.909454 -0.000523276 0 0.0128878 0.00458509 0 0.0042063 
-1.35564 -1.5 -1.32157 -0.932098 -0.866025 -0.909889 0.00324403 0 0.0128625 0.0050054 0 0.00403756 
-1.36623 -1.5 -1.32383 -0.941986 -0.866025 -0.908424 -0.0025381 0 0.0128552 0.00354197 0 0.00383027 
-1.35687 -1.5 -1.32613 -0.934233 -0.866025 -0.907487 0.00397818 0 0.0128335 0.00475694 0 0.00353241 
-1.3464 -1.5 -1.32857 -0.920066 -0.866025 -0.90642 0.0130277 0 0.0128093 0.00221549 0 0.00320627 
-1.33513 -1.5 -1.33057 -0.907399 -0.866025 -0.905724 0.0222796 0 0.0127885 0.00190702 0 0.00289521 
-1.36477 -1.5 -1.3316 -0.92551 -0.866025 -0.905341 0.0042627 0 0.0127791 0.0014795 0 0.00273364 
-1.36725 -1.5 -1.33362 -0.929046 -0.866025 -0.904614 0.00212731 0 0.0127597 0.0028441 0 0.00241054 
-1.36287 -1.5 -1.33426 -0.922066 -0.866025 -0.904049 0.00480266 0 0.0127513 0.00183864 0 0.00236977 
-1.35278 -1.5 -1.33591 -0.911172 -0.866025 -0.903153 0.0117645 0 0.0127248 0.00186155 0 0.00217258 
-1.35251 -1.5 -1.33733 -0.910108 -0.866025 -0.903081 0.0132201 0 0.0127017 0.0022584 0 0.00186863 
-1.37649 -1.5 -1.33861 -0.928441 -0.866025 -0.902925 -0.00161024 0 0.0126818 -2.33253e-05 0 0.0016155 
-1.35443 -1.5 -1.34025 -0.909663 -0.866025 -0.902085 0.0138855 0 0.0126475 0.000900981 0 0.00143168 
-1.37294 -1.5 -1.34243 -0.920285 -0.866025 -0.90143 0.00355656 0 0.012599 0.00145526 0 0.00110482 
-1.38178 -1.5 -1.34308 -0.927574 -0.866025 -0.90182 -0.00355508 0 0.0126021 6.60244e-05 0 0.00089072 
-1.39638 -1.5 -1.34424 -0.938633 -0.866025 -0.900923 -0.0119651 0 0.0125574 -0.00171485 0 0.000846002 
-1.36703 -1.5 -1.34629 -0.914643 -0.866025 -0.900395 0.00713939 0 0.012513 0.000232143 0 0.000570263 
-1.36748 -1.5 -1.34747 -0.912708 -0.866025 -0.900045 0.00821922 0 0.0124871 0.00121229 0 0.000433987 
-1.38523 -1.5 -1.34823 -0.926729 -0.866025 -0.90053 -0.00256847 0 0.0124986 -0.000822285 0 0.000211603 
-1.35808 -1.5 -1.35071 -0.902922 -0.866025 -0.899262 0.0164984 0 0.0124329 -0.00153165 0 6.01049e-05 
-1.41219 -1.5 -1.3517 -0.946627 -0.866025 -0.899086 -0.020093 0 0.0124236 -0.00336559 0 -5.40805e-05 
-1.4047 -1.5 -1.35441 -0.934946 -0.866025 -0.898682 -0.012863 0 0.0124103 -0.00358438 0 -0.000349099 
-1.38445 -1.5 -1.35522 -0.912353 -0.866025 -0.898081 0.00630433 0 0.0123944 -0.000935277 0 -0.000355639 
-1.39762 -1.5 -1.35788 -0.924839 -0.866025 -0.897413 0.000633714 0 0.0123878 -0.00163264 0 -0.000559957 
-1.39341 -1.5 -1.36054 -0.921911 -0.866025 -0.896639 0.0027702 0 0.0123877 -0.000558327 0 -0.00072278 
-1.38504 -1.5 -1.36187 -0.913364 -0.866025 -0.896245 0.00986847 0 0.0123917 -0.00206945 0 -0.000796002 
-1.39524 -1.5 -1.36382 -0.920804 -0.866025 -0.895977 0.00286132 0 0.0124033 -0.00195949 0 -0.000928197 
-1.39711 -1.5 -1.36592 -0.917373 -0.866025 -0.894968 0.00619542 0 0.0124105 0.000105193 0 -0.000982199 
-1.39152 -1.5 -1.36825 -0.911003 -0.866025 -0.894408 0.0117193 0 0.0124211 -0.00104673 0 -0.00108996 
-1.39208 -1.5 -1.37038 -0.910175 -0.866025 -0.893673 0.0177125 0 0.0124281 0.000654653 0 -0.00115528 
-1.41665 -1.5 -1.37154 -0.925744 -0.866025 -0.893227 0.000839332 0 0.0124306 -0.00114459 0 -0.00118345 
-1.42318 -1.5 -1.37247 -0.935815 -0.866025 -0.893011 -0.00227073 0 0.0124273 -0.000614811 0 -0.00121522 
-1.4161 -1.5 -1.37373 -0.92819 -0.866025 -0.892777 0.00121 0 0.0124138 -0.000376537 0 -0.00125513 
-1.4147 -1.5 -1.37547 -0.91841 -0.866025 -0.891995 0.00490185 0 0.0123975 0.00112575 0 -0.00126639 
-1.40163 -1.5 -1.37607 -0.910868 -0.866025 -0.891517 0.012239 0 0.0123995 -0.000622738 0 -0.0012578 
-1.41173 -1.5 -1.37781 -0.912722 -0.866025 -0.890708 0.00576326 0 0.0123713 -0.000222461 0 -0.00125611 
-1.40189 -1.5 -1.37934 -0.905927 -0.866025 -0.889769 0.0132829 0 0.01235 0.00120163 0 -0.0012411 
-1.42599 -1.5 -1.3805 -0.926675 -0.866025 -0.889337 -0.00136696 0 0.0123038 0.000108316 0 -0.00122691 
-1.41988 -1.5 -1.38132 -0.925511 -0.866025 -0.888826 0.000634473 0 0.0122826 -0.00104117 0 -0.00121306 
-1.41607 -1.5 -1.38215 -0.917521 -0.866025 -0.888305 0.00175542 0 0.0122577 -0.00200616 0 -0.00119792 
-1.42283 -1.5 -1.38404 -0.911068 -0.866025 -0.88725 0.000423617 0 0.0121679 -0.00139712 0 -0.00114941 
-1.41695 -1.5 -1.3855 -0.903218 -0.866025 -0.886174 0.00706431 0 0.0121239 -0.00114146 0 -0.00112046 
-1.43038 -1.5 -1.38654 -0.918044 -0.866025 -0.88563 -0.00376986 0 0.0120631 -0.00240046 0 -0.00108233 
-1.42292 -1.5 -1.38757 -0.913476 -0.866025 -0.884972 -0.000806465 0 0.0120201 -0.0047121 0 -0.00105138 
-1.42551 -1.5 -1.38873 -0.915128 -0.866025 -0.884425 -0.000872753 0 0.0119566 -0.00352409 0 -0.000994826 
-1.42028 -1.5 -1.3899 -0.908537 -0.866025 -0.883445 0.00450108 0 0.0119348 -0.00423615 0 -0.000981457 
-1.43574 -1.5 -1.39103 -0.914174 -0.866025 -0.882934 -0.00252666 0 0.0118793 -0.00149866 0 -0.000917897 
-1.43415 -1.5 -1.3926 -0.920017 -0.866025 -0.881945 -0.00257253 0 0.011835 -0.00217011 0 -0.000859365 
-1.43676 -1.5 -1.39435 -0.917693 -0.866025 -0.881073 -0.00194472 0 0.0117816 -0.00193218 0 -0.000757894 
-1.43265 -1.5 -1.39458 -0.91047 -0.866025 -0.881104 0.00195364 0 0.0117664 -0.000829509 0 -0.000724515 
-1.43822 -1.5 -1.39631 -0.906498 -0.866025 -0.88016 0.00046172 0 0.0117359 0.000341523 0 -0.000625578 
-1.52238 -1.5 -1.39721 -0.971588 -0.866025 -0.879578 -0.0516739 0 0.0117332 -0.00310239 0 -0.000581641 
-1.50264 -1.5 -1.39851 -0.961192 -0.866025 -0.878948 -0.0389671 0 0.011719 -0.000384258 0 -0.000484896 
-1.40657 -1.5 -1.39906 -0.877159 -0.866025 -0.878638 0.0247125 0 0.0117195 -0.000595828 0 -0.000447395 
-1.44083 -1.5 -1.39984 -0.899079 -0.866025 -0.878353 0.00263187 0 0.0117057 -0.000152668 0 -0.000369763 
-1.44851 -1.5 -1.40047 -0.900956 -0.866025 -0.877979 0.00122377 0 0.0117167 -8.14323e-05 0 -0.000324601 
-1.44681 -1.5 -1.40126 -0.907373 -0.866025 -0.877392 -0.00160765 0 0.011753 -0.000387469 0 -0.000280871 
-1.43506 -1.5 -1.40184 -0.897996 -0.866025 -0.877065 0.00625335 0 0.0117726 0.000467021 0 -0.00023173 
-1.44947 -1.5 -1.40239 -0.902284 -0.866025 -0.876731 -0.00417788 0 0.0117968 -0.00148556 0 -0.000189775 
-1.43428 -1.5 -1.40318 -0.895288 -0.866025 -0.876441 0.00668848 0 0.0118212 -0.000638272 0 -0.000116213 
-1.44008 -1.5 -1.40352 -0.894459 -0.866025 -0.876063 0.00141529 0 0.0118471 -0.000219956 0 -0.000107562 
-1.43895 -1.5 -1.40473 -0.898415 -0.866025 -0.875396 0.00157485 0 0.0118967 -0.000215868 0 -2.82474e-05 
-1.43007 -1.5 -1.40603 -0.891209 -0.866025 -0.874726 0.00692325 0 0.0119377 -0.000297874 0 4.74789e-05 
-1.43988 -1.5 -1.40713 -0.892486 -0.866025 -0.87396 0.00190827 0 0.0119658 0.000188723 0 8.98651e-05 
-1.43804 -1.5 -1.40812 -0.903492 -0.866025 -0.873724 0.000225638 0 0.0119745 -0.000486767 0 0.000152902 
-1.43911 -1.5 -1.40885 -0.894606 -0.866025 -0.873399 0.00258593 0 0.0119779 -0.000329909 0 0.000185598 
-1.44778 -1.5 -1.41132 -0.901399 -0.866025 -0.872579 0.000379818 0 0.0119591 -0.000860768 0 0.000299881 
-1.43595 -1.5 -1.41202 -0.885894 -0.866025 -0.872296 0.0122139 0 0.0119488 0.0023084 0 0.000326656 
-1.44332 -1.5 -1.41271 -0.885134 -0.866025 -0.872025 0.00640352 0 0.0119363 0.00257243 0 0.000351953 
-1.45179 -1.5 -1.41311 -0.893826 -0.866025 -0.871688 0.00315193 0 0.0119302 0.0022422 0 0.000355804 
-1.44292 -1.5 -1.41439 -0.889296 -0.866025 -0.871212 0.00712747 0 0.0118943 -0.00075713 0 0.000400501 
-1.45843 -1.5 -1.41544 -0.895654 -0.866025 -0.870867 0.00101423 0 0.0118516 0.00218196 0 0.000436452 
-1.44113 -1.5 -1.41574 -0.882953 -0.866025 -0.870638 0.0100879 0 0.0118377 0.00112111 0 0.000435706 
-1.45698 -1.5 -1.41652 -0.894018 -0.866025 -0.87045 0.000341849 0 0.011796 0.0016149 0 0.000464298 
-1.45647 -1.5 -1.41701 -0.896441 -0.866025 -0.870261 0.000792724 0 0.011767 0.00225816 0 0.000475217 
-1.44991 -1.5 -1.41766 -0.889851 -0.866025 -0.869951 0.00470309 0 0.011727 0.00180669 0 0.000481131 
-1.45012 -1.5 -1.41872 -0.890893 -0.866025 -0.869482 0.00433864 0 0.0116565 0.00104755 0 0.000487976 
-1.45157 -1.5 -1.41962 -0.885943 -0.866025 -0.868973 0.0041164 0 0.0115975 0.00228179 0 0.000474462 
-1.46375 -1.5 -1.42064 -0.897128 -0.866025 -0.8684 -0.00107509 0 0.0115313 0.00203606 0 0.000450866 
-1.46664 -1.5 -1.42128 -0.896119 -0.866025 -0.868125 -0.00240544 0 0.0114845 -0.000277585 0 0.00044332 
-1.4621 -1.5 -1.42235 -0.891895 -0.866025 -0.867544 0.000622353 0 0.0114171 -0.000984239 0 0.000407005 
-1.47589 -1.5 -1.42287 -0.902049 -0.866025 -0.867252 -0.00566956 0 0.0113871 0.000435456 0 0.000384633 
-1.46379 -1.5 -1.42397 -0.893699 -0.866025 -0.866684 4.33991e-05 0 0.0113251 -0.000234858 0 0.00033113 
-1.46067 -1.5 -1.42487 -0.888749 -0.866025 -0.866102 0.00251447 0 0.0112928 -9.94001e-05 0 0.000272454 
-1.47279 -1.5 -1.42526 -0.896776 -0.866025 -0.865811 0.00068889 0 0.0112846 0.00197167 0 0.000243784 
-1.48516 -1.5 -1.4263 -0.902131 -0.866025 -0.865235 -0.0113831 0 0.0112477 -0.00024936 0 0.000170401 
-1.47751 -1.5 -1.4263 -0.897649 -0.866025 -0.865235 -0.00230297 0 0.0112477 0.00399477 0 0.000170401 
-1.50065 -1.5 -1.42679 -0.917986 -0.866025 -0.86499 -0.0193486 0 0.0112318 -0.000216368 0 0.000132633 
-1.47861 -1.5 -1.42786 -0.895383 -0.866025 -0.864309 -0.00185873 0 0.0112198 0.00220862 0 4.05694e-05 
-1.45096 -1.5 -1.42841 -0.874226 -0.866025 -0.863854 0.0138648 0 0.0112251 0.0031594 0 -1.38736e-05 
-1.47809 -1.5 -1.42877 -0.895319 -0.866025 -0.863642 -0.000829258 0 0.011224 0.00251398 0 -5.13541e-05 
-1.49936 -1.5 -1.4294 -0.909852 -0.866025 -0.863176 -0.0144026 0 0.0112323 0.00268936 0 -0.000120853 
-1.45514 -1.5 -1.42974 -0.875429 -0.866025 -0.863013 0.0117414 0 0.0112337 0.0044795 0 -0.000160151 
-1.45518 -1.5 -1.42992 -0.875129 -0.866025 -0.862796 0.0117185 0 0.0112399 0.00447961 0 -0.000183215 
-1.45916 -1.5 -1.43049 -0.880329 -0.866025 -0.86237 0.00867695 0 0.0112496 0.00215647 0 -0.000253463 
-1.49502 -1.5 -1.43105 -0.907576 -0.866025 -0.861939 -0.0121298 0 0.011258 0.00216179 0 -0.000328218 
-1.47563 -1.5 -1.43168 -0.891989 -0.866025 -0.861462 -0.000719137 0 0.0112629 0.00287039 0 -0.000409846 
-1.48684 -1.5 -1.43194 -0.90175 -0.866025 -0.861299 -0.00763551 0 0.011265 0.00243732 0 -0.000443684 
-1.49196 -1.5 -1.43228 -0.90377 -0.866025 -0.86105 -0.00909562 0 0.0112689 0.00379886 0 -0.000486317 
-1.48059 -1.5 -1.43239 -0.897573 -0.866025 -0.861077 -0.0041555 0 0.0112691 0.00223566 0 -0.00050247 
-1.48053 -1.5 -1.43284 -0.89889 -0.866025 -0.860705 -0.00409309 0 0.0112784 0.00255245 0 -0.000557694 
-1.47198 -1.5 -1.43323 -0.893723 -0.866025 -0.860543 -0.000787982 0 0.0112838 -0.000978853 0 -0.000610764 
-1.47945 -1.5 -1.43341 -0.898133 -0.866025 -0.860336 -0.00187179 0 0.0112951 0.00283088 0 -0.000631432 
-1.46447 -1.5 -1.43401 -0.885548 -0.866025 -0.860003 0.00521842 0 0.0113172 -0.000198317 0 -0.000716291 
-1.47423 -1.5 -1.43416 -0.878709 -0.866025 -0.85981 0.00330386 0 0.0113346 -0.000244589 0 -0.000736466 
-1.48249 -1.5 -1.43446 -0.899119 -0.866025 -0.859605 -0.00388297 0 0.0113531 0.00148456 0 -0.000779746 
-1.48786 -1.5 -1.43504 -0.899907 -0.866025 -0.859323 -0.00986213 0 0.0113755 -0.00595805 0 -0.0008624 
-1.46888 -1.5 -1.43519 -0.876057 -0.866025 -0.859119 0.00415171 0 0.0113937 -0.00100381 0 -0.000882362 
-1.47292 -1.5 -1.43572 -0.881403 -0.866025 -0.858755 0.00309608 0 0.0114218 0.000602771 0 -0.000948943 
-1.46929 -1.5 -1.43598 -0.880237 -0.866025 -0.858571 0.00351115 0 0.011435 0.000543553 0 -0.00098011 
-1.45949 -1.5 -1.43624 -0.877232 -0.866025 -0.858386 0.0109078 0 0.011448 0.000368245 0 -0.00100953 
-1.54566 -1.5 -1.4365 -0.943561 -0.866025 -0.858201 -0.0441266 0 0.01146 -0.0033728 0 -0.00103727 
-1.47347 -1.5 -1.43691 -0.881424 -0.866025 -0.857999 0.000807618 0 0.0114695 -0.00116162 0 -0.00107803 
-1.47239 -1.5 -1.43756 -0.878291 -0.866025 -0.857463 0.00150116 0 0.0114999 0.000865835 0 -0.00113402 
-1.4813 -1.5 -1.43797 -0.886827 -0.866025 -0.857262 -0.00306997 0 0.0115152 -0.00146026 0 -0.00116337 
-1.48697 -1.5 -1.43838 -0.891391 -0.866025 -0.856923 -0.0052236 0 0.0115484 -0.00173714 0 -0.00119021 
-1.49258 -1.5 -1.43891 -0.89305 -0.866025 -0.856589 -0.00847197 0 0.0115981 -0.00422691 0 -0.00121978 
-1.49343 -1.5 -1.43943 -0.88892 -0.866025 -0.856301 -0.00924928 0 0.0116569 -0.00191877 0 -0.0012445 
-1.52089 -1.5 -1.43968 -0.912935 -0.866025 -0.856176 -0.0262435 0 0.0116903 -0.0030878 0 -0.00125505 
-1.48406 -1.5 -1.43993 -0.877612 -0.866025 -0.856063 -0.00101687 0 0.0117263 -0.000127502 0 -0.00126425 
-1.47702 -1.5 -1.4402 -0.875803 -0.866025 -0.855931 0.0024757 0 0.0117694 -0.00303144 0 -0.00127288 
-1.50698 -1.5 -1.44044 -0.900197 -0.866025 -0.855842 -0.0169855 0 0.011811 -0.00275655 0 -0.00127847 
-1.51926 -1.5 -1.44081 -0.907309 -0.866025 -0.85588 -0.0253719 0 0.0118737 -0.00211019 0 -0.00128105 
-1.48058 -1.5 -1.44111 -0.878252 -0.866025 -0.855654 0.000279196 0 0.0119381 -0.00148513 0 -0.00128316 
-1.48501 -1.5 -1.44159 -0.881029 -0.866025 -0.855534 -0.00269335 0 0.0120329 -0.00373206 0 -0.00127719 
-1.4875 -1.5 -1.44185 -0.889007 -0.866025 -0.855474 -0.00369338 0 0.0120828 -0.00188005 0 -0.00127152 
-1.48046 -1.5 -1.4423 -0.880425 -0.866025 -0.85548 -0.000363802 0 0.0121651 -0.00473518 0 -0.00125703 
-1.49068 -1.5 -1.4427 -0.891416 -0.866025 -0.85526 -0.00507227 0 0.0122398 -0.00361723 0 -0.00124349 
-1.52302 -1.5 -1.44327 -0.908053 -0.866025 -0.855184 -0.027115 0 0.0123298 -0.00232298 0 -0.00121749 
-1.48597 -1.5 -1.44386 -0.88921 -0.866025 -0.855154 -0.0015434 0 0.0124096 -0.00287117 0 -0.00118675 
-1.48594 -1.5 -1.44391 -0.889266 -0.866025 -0.85509 -0.00154383 0 0.0124162 -0.00287114 0 -0.00118424 
-1.47719 -1.5 -1.44443 -0.875374 -0.866025 -0.855158 0.00233007 0 0.0124816 0.00131992 0 -0.00115171 
-1.49236 -1.5 -1.44505 -0.886636 -0.866025 -0.854822 -0.00588978 0 0.0125612 -0.00497284 0 -0.00111013 
-1.4866 -1.5 -1.44577 -0.880077 -0.866025 -0.854893 0.000203308 0 0.0126399 -0.000343805 0 -0.00105277 
-1.47304 -1.5 -1.44627 -0.872811 -0.866025 -0.854809 0.0097395 0 0.0126986 -0.00155779 0 -0.00100705 
-1.49011 -1.5 -1.44649 -0.878166 -0.866025 -0.854721 0.00568829 0 0.0127299 0.000131787 0 -0.000984919 
-1.49708 -1.5 -1.44684 -0.888367 -0.866025 -0.854528 -0.00430665 0 0.0127885 -0.000541282 0 -0.000946106 
-1.49629 -1.5 -1.44702 -0.886584 -0.866025 -0.854446 -0.00304918 0 0.0128168 -0.000716806 0 -0.000923067 
-1.49494 -1.5 -1.44721 -0.883714 -0.866025 -0.854374 -0.00340893 0 0.0128438 0.00080748 0 -0.000896347 
-1.48328 -1.5 -1.44739 -0.871841 -0.866025 -0.854303 0.00965274 0 0.0128675 -0.000874679 0 -0.000869034 
-1.48973 -1.5 -1.44764 -0.87501 -0.866025 -0.854148 0.00417862 0 0.0128995 -0.00060024 0 -0.000828372 
-1.49657 -1.5 -1.44789 -0.881955 -0.866025 -0.854107 0.00202704 0 0.0129229 -0.00160835 0 -0.000777545 
-1.48252 -1.5 -1.44802 -0.871484 -0.866025 -0.854038 0.00632406 0 0.012935 0.000992173 0 -0.000749608 
-1.46688 -1.5 -1.44818 -0.86378 -0.866025 -0.853955 0.0141665 0 0.012947 -0.00207463 0 -0.000714768 
-1.49966 -1.5 -1.44824 -0.886883 -0.866025 -0.85396 -0.00403642 0 0.0129501 -0.00176619 0 -0.000697006 
-1.50653 -1.5 -1.44853 -0.883277 -0.866025 -0.853752 -0.000793027 0 0.0129543 0.000535462 0 -0.000636086 
-1.48786 -1.5 -1.44869 -0.876181 -0.866025 -0.853679 0.00463695 0 0.0129506 -0.00133615 0 -0.000586822 
-1.48836 -1.5 -1.44885 -0.878802 -0.866025 -0.853602 -0.000300735 0 0.0129406 0.000168792 0 -0.000530022 
-1.49393 -1.5 -1.44908 -0.87757 -0.866025 -0.853449 0.00352211 0 0.0129133 -0.000797305 0 -0.000475951 
-1.49812 -1.5 -1.44935 -0.881598 -0.866025 -0.85329 -0.00349313 0 0.0128777 0.000780798 0 -0.000402813 
-1.48486 -1.5 -1.44952 -0.877823 -0.866025 -0.853188 0.00253323 0 0.012852 0.000369148 0 -0.000345356 
-1.47356 -1.5 -1.44962 -0.860506 -0.866025 -0.853122 0.0154727 0 0.0128364 -0.000148521 0 -0.000312857 
-1.45466 -1.5 -1.44983 -0.848301 -0.866025 -0.852988 0.0257611 0 0.0128066 -0.00297152 0 -0.000259892 
-1.50418 -1.5 -1.44995 -0.884509 -0.866025 -0.852909 -0.00119155 0 0.0127891 0.00187972 0 -0.000234851 
-1.47411 -1.5 -1.45005 -0.865865 -0.866025 -0.852832 0.0113116 0 0.012764 -0.000440443 0 -0.000170141 
-1.49916 -1.5 -1.45015 -0.883287 -0.866025 -0.852772 -0.00305932 0 0.0127441 -0.000791287 0 -0.000136368 
-1.49263 -1.5 -1.45033 -0.880023 -0.866025 -0.852665 -0.0014765 0 0.0126986 0.00015234 0 -7.21677e-05 
-1.46774 -1.5 -1.45042 -0.859754 -0.866025 -0.852621 0.0165228 0 0.0126801 0.00112982 0 -5.12989e-05 
-1.48586 -1.5 -1.4506 -0.87349 -0.866025 -0.852533 0.00227019 0 0.012629 7.99012e-06 0 7.33265e-06 
-1.4941 -1.5 -1.45079 -0.887263 -0.866025 -0.852435 -0.00105557 0 0.0125753 7.45859e-05 0 5.92932e-05 
-1.48199 -1.5 -1.4509 -0.865489 -0.866025 -0.852358 0.0106448 0 0.0125432 0.000812709 0 8.30942e-05 
-1.4741 -1.5 -1.45107 -0.867237 -0.866025 -0.852312 0.0108117 0 0.0125112 -0.00116845 0 0.000120303 
-1.47381 -1.5 -1.45118 -0.862342 -0.866025 -0.852243 0.015505 0 0.0124857 0.000770138 0 0.000138692 
-1.47621 -1.5 -1.45128 -0.86921 -0.866025 -0.852187 0.00957518 0 0.0124646 -0.00128112 0 0.000155084 
-1.47085 -1.5 -1.4514 -0.863882 -0.866025 -0.852103 0.0118006 0 0.0124398 -0.000196701 0 0.00016754 
-1.4976 -1.5 -1.4515 -0.885037 -0.866025 -0.85206 -0.00279473 0 0.012421 -0.00309063 0 0.000181283 
-1.46653 -1.5 -1.45172 -0.861824 -0.866025 -0.851931 0.0138349 0 0.0123692 -0.00332689 0 0.000197287 
-1.4528 -1.5 -1.45181 -0.843204 -0.866025 -0.851903 0.029639 0 0.012344 -0.00308586 0 0.000211572 
-1.45662 -1.5 -1.45193 -0.850665 -0.866025 -0.851833 0.0205608 0 0.0123061 -0.00177891 0 0.000215487 
-1.49214 -1.5 -1.45208 -0.872657 -0.866025 -0.851729 0.00150051 0 0.0122579 -0.000129315 0 0.000211034 
-1.48985 -1.5 -1.45222 -0.869419 -0.866025 -0.851659 0.00435571 0 0.0122147 -0.000483765 0 0.000215705 
-1.49581 -1.5 -1.45236 -0.880697 -0.866025 -0.851574 -0.00091007 0 0.0121665 -0.000278509 0 0.000217258 
-1.48682 -1.5 -1.45254 -0.879103 -0.866025 -0.851476 0.00132702 0 0.0121066 -0.00391387 0 0.000220883 
-1.45781 -1.5 -1.45285 -0.849618 -0.866025 -0.851285 0.025116 0 0.0119931 -0.00329458 0 0.000220726 
-1.4671 -1.5 -1.45298 -0.861992 -0.866025 -0.851192 0.0146455 0 0.0119418 -0.00109509 0 0.00021725 
-1.47956 -1.5 -1.45329 -0.86541 -0.866025 -0.85098 0.00704571 0 0.0118199 -2.77279e-06 0 0.000215327 
-1.45045 -1.5 -1.45344 -0.843682 -0.866025 -0.850787 0.0300941 0 0.0117389 -0.00232471 0 0.000200142 
-1.45041 -1.5 -1.45358 -0.843692 -0.866025 -0.850756 0.0300893 0 0.0116951 -0.00232464 0 0.000213744 
-1.49133 -1.5 -1.45385 -0.87682 -0.866025 -0.850518 -0.00120953 0 0.0115642 -0.000528635 0 0.000210599 
-1.50858 -1.5 -1.45398 -0.888103 -0.866025 -0.850427 -0.0100591 0 0.0115026 0.0014621 0 0.000213524 
-1.48337 -1.5 -1.45414 -0.867435 -0.866025 -0.850317 0.00718606 0 0.0114244 -0.000474745 0 0.000217086 
-1.49275 -1.5 -1.45435 -0.876576 -0.866025 -0.850032 0.000187708 0 0.0112671 0.00078499 0 0.000205604 
-1.4923 -1.5 -1.45473 -0.877352 -0.866025 -0.849813 -0.000692466 0 0.0110502 -0.00415468 0 0.000226947 
-1.49526 -1.5 -1.45488 -0.874716 -0.866025 -0.849703 -0.00154864 0 0.0109564 5.29759e-05 0 0.000233781 
-1.48429 -1.5 -1.45509 -0.865759 -0.866025 -0.849473 0.00587462 0 0.0108048 0.000227273 0 0.000236909 
-1.47396 -1.5 -1.45522 -0.858413 -0.866025 -0.849382 0.0102181 0 0.0107328 -0.000470443 0 0.000242709 
-1.51248 -1.5 -1.45545 -0.888478 -0.866025 -0.849113 -0.0062851 0 0.0105707 0.00196888 0 0.000242103 
-1.491 -1.5 -1.45569 -0.865248 -0.866025 -0.848994 0.00300911 0 0.0104601 0.00149592 0 0.000256878 
-1.48198 -1.5 -1.45581 -0.872257 -0.866025 -0.848906 0.0082352 0 0.0103931 -0.00434627 0 0.000261919 
-1.49709 -1.5 -1.45599 -0.879861 -0.866025 -0.848767 -0.00416781 0 0.0102958 0.0011853 0 0.000265041 
-1.47809 -1.5 -1.45611 -0.86234 -0.866025 -0.848696 0.00912915 0 0.0102428 0.00151766 0 0.000267759 
-1.48112 -1.5 -1.45628 -0.869802 -0.866025 -0.848599 0.00610102 0 0.0101727 0.000544107 0 0.000270428 
-1.47377 -1.5 -1.45647 -0.857677 -0.866025 -0.848494 0.0117722 0 0.0101025 1.94071e-05 0 0.000265212 
-1.48727 -1.5 -1.45657 -0.871536 -0.866025 -0.848449 0.0043372 0 0.0100738 0.000138038 0 0.000261946 
-1.48265 -1.5 -1.45675 -0.868244 -0.866025 -0.848368 0.00830122 0 0.0100277 -0.00380444 0 0.000257077 
