1.95756 0.0122539 0.501734 0.00173316 
1.97012 0.0279932 0.501354 0.00135331 
1.96697 0.015833 0.500712 0.000710979 
1.96593 0.0184706 0.501945 0.00191605 
2.03578 0.0829069 0.49385 0.00549186 
2.09854 0.15384 0.48893 0.00846065 
2.15718 0.215309 0.483465 0.0124817 
2.14991 0.213898 0.483648 0.0129031 
2.25937 0.332068 0.475159 0.0156884 
2.22675 0.316677 0.470069 0.0132282 
2.20461 0.329857 0.460362 0.0130455 
2.15835 0.288125 0.458383 0.00917795 
2.11372 0.281432 0.448887 0.00162074 
2.10283 0.300265 0.438246 0.0064416 
1.98701 0.194423 0.433037 0.00491029 
1.9296 0.161699 0.422752 0.0056111 
1.90952 0.165235 0.412808 0.0036462 
1.86568 0.154232 0.391545 0.00319715 
1.84042 0.166796 0.3779 0.00178234 
1.80375 0.149731 0.369357 0.00142815 
1.82422 0.193527 0.353945 0.00167095 
1.77855 0.167773 0.342431 0.000403749 
1.68881 0.139328 0.312544 0.00395265 
1.56737 0.0616865 0.291147 0.00167673 
1.48198 0.0239089 0.267456 0.00880758 
1.48326 0.0261412 0.267461 0.00550991 
1.44266 0.0405079 0.236077 0.00480846 
1.36884 0.0407894 0.200237 0.0127346 
1.35311 0.0430096 0.200037 0.00830273 
1.33544 0.059844 0.165543 0.00378223 
1.31002 0.0768064 0.154507 0.00251991 
1.2769 0.0808119 0.12669 0.0006105 
1.20866 0.0859638 0.100953 0.00318523 
1.20768 0.083991 0.100948 0.000290487 
1.18748 0.115199 0.0827779 0.00231622 
1.16323 0.072893 0.0635011 0.00860318 
1.14669 0.0751269 0.0404738 0.00669762 
1.12298 0.0639955 0.0123944 0.00486241 
1.09511 0.070959 0.0182453 0.00775081 
1.066 0.050665 0.00225684 0.00375017 
1.03173 0.0559016 0.00979176 0.00458688 
1.01759 0.0625415 0.0213845 0.0101377 
1.00441 0.0630093 0.0298397 0.00934653 
0.999034 0.0439091 0.0488035 0.0069147 
0.985026 0.0361476 0.0622031 0.000121514 
0.972059 0.0574868 0.0574689 0.00217454 
0.953618 0.0362759 0.0676056 0.00352043 
0.943616 0.0239858 0.0788408 0.00265794 
0.938323 0.0235617 0.079676 0.0019912 
0.927478 0.0302852 0.0825054 0.0085981 
0.935775 0.0386373 0.087066 0.00686405 
0.907652 0.0403947 0.0889398 0.00690629 
0.892823 0.0543646 0.098149 0.00372462 
0.877892 0.0367924 0.10039 0.00171868 
0.859961 0.0278885 0.102458 0.00119736 
0.841349 0.0355732 0.104395 0.000229904 
0.83073 0.0394402 0.10411 0.000525424 
0.810722 0.0406336 0.104413 0.0006821 
0.815874 0.0796694 0.108142 0.00504215 
0.764366 0.0630655 0.10292 8.49776e-05 
0.768056 0.0813889 0.104176 0.00576266 
0.734448 0.0571945 0.103727 0.00521381 
0.710356 0.0673156 0.10042 0.00342483 
0.703641 0.071974 0.0986783 0.005773 
0.667507 0.0770406 0.099571 0.00883919 
0.65017 0.0938557 0.0960771 0.00765189 
0.633703 0.0657957 0.0870573 0.00187657 
0.633692 0.0620193 0.0859144 0.00510941 
0.608384 0.0711971 0.0811927 0.00333861 
0.592215 0.0563612 0.0753695 0.00291597 
0.586686 0.0527477 0.0750391 0.00548946 
0.57981 0.0493535 0.0691067 0.00421964 
0.570782 0.0469202 0.0649622 0.00135747 
0.562279 0.0426741 0.054796 0.000739181 
0.556286 0.0390871 0.0570747 0.00262863 
0.54759 0.032039 0.050991 0.00313941 
0.541324 0.0531653 0.0442754 0.00126667 
0.535852 0.0414243 0.0415593 0.000605011 
0.52892 0.0429847 0.039067 0.00289895 
0.519301 0.0422676 0.0352112 0.00198716 
0.516685 0.0372066 0.0325275 0.00220866 
0.521822 0.031552 0.0320326 0.00227705 
0.510455 0.0465109 0.0260164 0.00183802 
0.494643 0.0411968 0.0200195 8.39816e-05 
0.49324 0.0273846 0.0146126 0.00278231 
0.482071 0.0225078 0.0166203 0.00302362 
0.476029 0.0328636 0.0118608 0.00267247 
0.471002 0.0417045 0.00891049 0.0020208 
0.45924 0.0493715 0.00473594 5.6524e-05 
0.460221 0.0589768 0.00344157 0.00126887 
0.449987 0.0551288 0.00220123 0.00165771 
0.436419 0.054638 0.000639908 0.00256618 
0.438922 0.0364574 0.00549236 0.00055982 
0.431296 0.042988 0.00717381 0.000613897 
0.434006 0.0287541 0.00955103 3.8575e-05 
0.426043 0.0517819 0.0114856 0.000630213 
0.42364 0.0386496 0.0109619 0.0011307 
0.421891 0.0366008 0.0139364 0.000702983 
0.425687 0.0323945 0.0117002 0.00254205 
0.405585 0.0510326 0.0156035 0.000279567 
0.413408 0.0308723 0.0183632 0.00169544 
0.393623 0.050196 0.0162249 0.00131557 
0.397321 0.0540529 0.0186532 0.000516539 
0.39085 0.0472082 0.0210661 0.00197898 
0.382367 0.0522573 0.02017 0.000778194 
0.376478 0.047279 0.0205927 0.000804285 
0.37236 0.0407437 0.0195445 0.000123492 
0.360086 0.0411665 0.0213529 0.00138036 
0.354326 0.0501583 0.0209628 0.000745854 
0.347309 0.0631826 0.0188984 0.00134252 
0.343641 0.0613413 0.0210283 0.0010981 
0.34553 0.0509622 0.0211903 0.00172507 
0.344065 0.0478903 0.0199086 0.00108416 
0.343868 0.0329523 0.0199329 0.00149027 
0.329924 0.0460788 0.0205559 0.00253066 
0.324498 0.0460066 0.0213988 0.0043034 
0.323118 0.0376132 0.0187144 0.002131 
0.327935 0.0129755 0.0171339 0.000817622 
0.332935 0.0152975 0.020008 0.00505707 
0.303118 0.0453007 0.0149128 0.00131672 
0.310832 0.0242832 0.0162805 0.00387348 
0.299109 0.0306654 0.0110444 0.00060365 
0.295031 0.031044 0.0102316 0.000738938 
0.291941 0.0419952 0.0116371 0.0008721 
0.284764 0.0552853 0.00751061 0.00137637 
0.273917 0.0601675 0.00925771 0.00170054 
0.271933 0.0414647 0.0059585 0.000251533 
0.270126 0.0351994 0.00620543 0.000681424 
0.261063 0.0534735 0.00575852 0.000856571 
0.261198 0.0453895 0.00482461 0.000558552 
0.256866 0.0624397 0.00870624 0.00516348 
0.242148 0.0576752 0.00100667 0.00193304 
0.245528 0.0418147 0.000872762 0.00156528 
0.262072 0.0136922 0.00273758 0.000851066 
0.241094 0.0512975 0.000681456 0.000657203 
0.242394 0.0275666 0.00142488 0.00128351 
0.245364 0.0212424 0.000450403 0.000192474 
0.248149 0.0116588 0.00672607 0.00562618 
0.237568 0.0343674 0.00399008 0.00208936 
0.228813 0.0668944 0.00260471 2.24267e-05 
0.212485 0.0544723 0.00214426 0.00111661 
0.212419 0.0492124 0.00320681 0.0006735 
0.206519 0.0545232 0.0026381 0.00121951 
0.20136 0.0580786 0.00474926 0.000498021 
0.203518 0.0483437 0.00292344 0.00173262 
0.190982 0.0676956 0.00386059 0.000751261 
0.192457 0.0624484 0.0021508 0.00273899 
0.19608 0.0486925 0.00411918 0.000880501 
0.194831 0.0447643 0.00573233 0.000641057 
0.195132 0.0540641 0.00420703 0.000957951 
0.197231 0.0353549 0.00571808 0.000496592 
0.18694 0.0513732 0.00572752 0.000442059 
0.177819 0.0628058 0.00685055 0.00156799 
0.185524 0.0410633 0.00594949 0.000677193 
0.177324 0.0527377 0.00548551 0.000236057 
0.175428 0.0463182 0.00727975 0.00213706 
0.169961 0.0572248 0.00626943 0.0011956 
0.171211 0.0571531 0.00595398 0.000956532 
0.169486 0.0495509 0.00601655 0.00121497 
0.166404 0.0512175 0.00486546 0.000154896 
0.164759 0.0525179 0.00361108 0.000925885 
0.162602 0.0530599 0.00458509 0.000378796 
0.158794 0.0417945 0.0050054 0.000967845 
0.153852 0.0562276 0.00354197 0.000288304 
0.158605 0.0416944 0.00475694 0.00122453 
0.163354 0.0224519 0.00221549 0.000990782 
0.171433 0.0106637 0.00190702 0.000988184 
0.147796 0.0397426 0.0014795 0.00125414 
0.146965 0.0429057 0.0028441 0.000433558 
0.148221 0.0347251 0.00183864 0.000531123 
0.154437 0.0187028 0.00186155 0.000311028 
0.154508 0.0167299 0.0022584 0.000389777 
0.138398 0.0478518 2.33253e-05 0.00163882 
0.1526 0.0161283 0.000900981 0.000530701 
0.138205 0.0369889 0.00145526 0.000350436 
0.133327 0.0492187 6.60244e-05 0.000824696 
0.127092 0.0688602 0.00171485 0.00256085 
0.141763 0.0257249 0.000232143 0.00033812 
0.140742 0.024064 0.00121229 0.000778303 
0.12986 0.0477723 0.000822285 0.00103389 
0.14756 0.0091807 0.00153165 0.00159176 
0.120873 0.0835317 0.00336559 0.00331151 
0.118313 0.0669559 0.00358438 0.00323528 
0.124654 0.0330907 0.000935277 0.000579638 
0.118072 0.0496942 0.00163264 0.00107268 
0.120385 0.0425634 0.000558327 0.000164453 
0.124716 0.0289176 0.00206945 0.00127344 
0.118249 0.0411702 0.00195949 0.0010313 
0.115157 0.0388996 0.000105193 0.00108739 
0.118022 0.0285818 0.00104673 4.32296e-05 
0.117941 0.0277685 0.000654653 0.00180993 
0.102543 0.0567985 0.00114459 3.88611e-05 
0.103816 0.0679633 0.000614811 0.000600409 
0.104426 0.0563439 0.000376537 0.000878589 
0.100221 0.047885 0.00112575 0.00239214 
0.108799 0.0320623 0.000622738 0.000635058 
0.100027 0.0409777 0.000222461 0.00103365 
0.106742 0.0277616 0.00120163 0.00244273 
0.0956925 0.0604207 0.000108316 0.00133523 
0.0997886 0.0544816 0.00104117 0.000171894 
0.0984856 0.045984 0.00200616 0.000808243 
0.0893522 0.0470141 0.00139712 0.000247714 
0.0912744 0.0361236 0.00114146 2.10062e-05 
0.0869888 0.0567751 0.00240046 0.00131813 
0.0905217 0.0471845 0.0047121 0.00366071 
0.0892256 0.0495965 0.00352409 0.00252927 
0.0904632 0.040094 0.00423615 0.0032547 
0.0803332 0.0564145 0.00149866 0.00058076 
0.0851961 0.058168 0.00217011 0.00131074 
0.0816879 0.0576861 0.00193218 0.00117428 
0.0807129 0.0490737 0.000829509 0.000104994 
0.0738546 0.0507737 0.000341523 0.000967101 
0.119643 0.167786 0.00310239 0.00252075 
0.10287 0.142048 0.000384258 0.000100638 
0.097281 0.0150805 0.000595828 0.000148433 
0.0678265 0.0468199 0.000152668 0.000217095 
0.0622314 0.0542741 8.14323e-05 0.000243169 
0.0673901 0.0561411 0.000387469 0.000106598 
0.0726555 0.0396437 0.000467021 0.000698751 
0.0623331 0.0558976 0.00148556 0.00129579 
0.0722464 0.0367278 0.000638272 0.000522059 
0.0663397 0.0422333 0.000219956 0.000112394 
0.0691279 0.042513 0.000215868 0.000187621 
0.0746434 0.029581 0.000297874 0.000345353 
0.0657106 0.038954 0.000188723 9.88575e-05 
0.0724072 0.0438082 0.000486767 0.000639669 
0.067312 0.0381311 0.000329909 0.000515506 
0.0630769 0.0478949 0.000860768 0.00116065 
0.0681674 0.0275172 0.0023084 0.00198174 
0.0601539 0.0337558 0.00257243 0.00222048 
0.0557426 0.0454174 0.0022422 0.00188639 
0.0620488 0.0341123 0.00075713 0.00115763 
0.0510561 0.0507944 0.00218196 0.0017455 
0.0620837 0.0282662 0.00112111 0.000685403 
0.051327 0.0482032 0.0016149 0.0011506 
0.0531067 0.04861 0.00225816 0.00178295 
0.0556698 0.0385356 0.00180669 0.00132556 
0.0559018 0.0387089 0.00104755 0.000559571 
0.0525307 0.0369407 0.00228179 0.00180733 
0.0477732 0.0533233 0.00203606 0.00158519 
0.0449938 0.0550819 0.000277585 0.000720904 
0.0458907 0.0478496 0.000984239 0.00139124 
0.0437186 0.0656657 0.000435456 5.08224e-05 
0.0455745 0.0494226 0.000234858 0.000565988 
0.0454913 0.0432629 9.94001e-05 0.000371854 
0.0410674 0.0577064 0.00197167 0.00172788 
0.0406611 0.0730663 0.00024936 0.000419761 
0.0388719 0.0621084 0.00399477 0.00382436 
0.0554502 0.0959121 0.000216368 0.000349001 
0.0363727 0.0609294 0.00220862 0.00216805 
0.0516185 0.0249636 0.0031594 0.00317327 
0.0365909 0.0598454 0.00251398 0.00256533 
0.0461367 0.0879247 0.00268936 0.00281021 
0.047315 0.0282784 0.0044795 0.00463965 
0.0472088 0.0281135 0.00447961 0.00466282 
0.0441344 0.0339311 0.00215647 0.00240993 
0.0435702 0.0819877 0.00216179 0.00249001 
0.0356141 0.0548398 0.00287039 0.00328024 
0.038831 0.0707603 0.00243732 0.00288101 
0.0396486 0.0761629 0.00379886 0.00428518 
0.037275 0.0623921 0.00223566 0.00273813 
0.0384169 0.0629969 0.00255245 0.00311014 
0.0394076 0.0524218 0.000978853 0.00036809 
0.0381658 0.0610087 0.00283088 0.00346231 
0.040875 0.0402162 0.000198317 0.000517974 
0.0289112 0.0450223 0.000244589 0.000491877 
0.0376391 0.0640356 0.00148456 0.00226431 
0.0373164 0.0699171 0.00595805 0.00509565 
0.0329571 0.0383978 0.00100381 0.000121445 
0.0312943 0.0443443 0.000602771 0.00155171 
0.0340227 0.040517 0.000543553 0.00152366 
0.0434255 0.0299302 0.000368245 0.00137778 
0.100217 0.149299 0.0033728 0.00233553 
0.0306857 0.0447113 0.00116162 8.35945e-05 
0.0302495 0.0417921 0.000865835 0.00199986 
0.0281405 0.0544478 0.00146026 0.000296888 
0.0289916 0.0618917 0.00173714 0.000546926 
0.029278 0.0679178 0.00422691 0.00300713 
0.0255508 0.0664647 0.00191877 0.000674268 
0.0576672 0.106087 0.0030878 0.00183275 
0.0197305 0.0507352 0.000127502 0.00113675 
0.0250932 0.042862 0.00303144 0.00175856 
0.0387927 0.0849954 0.00275655 0.00147808 
0.052146 0.100935 0.00211019 0.000829145 
0.0229471 0.0469536 0.00148513 0.000201969 
0.0213813 0.0524558 0.00373206 0.00245486 
0.0264208 0.0587992 0.00188005 0.000608532 
0.024272 0.0472829 0.00473518 0.00347815 
0.0275186 0.0625252 0.00361723 0.00237374 
0.0550579 0.103493 0.00232298 0.00110548 
0.0271418 0.0559316 0.00287117 0.00168442 
0.0272085 0.0559422 0.00287114 0.0016869 
0.0247603 0.0398109 0.00131992 0.00247163 
0.0227545 0.0599255 0.00497284 0.00386271 
0.0194149 0.0495604 0.000343805 0.000708968 
0.0294576 0.0323962 0.00155779 0.000550739 
0.016663 0.0500186 0.000131787 0.00111671 
0.0229389 0.0629428 0.000541282 0.000404823 
0.0211127 0.0609255 0.000716806 0.000206262 
0.01871 0.0583414 0.00080748 0.00170383 
0.0201667 0.0400729 0.000874679 5.64549e-06 
0.0142698 0.0477832 0.00060024 0.000228132 
0.0164211 0.0571279 0.00160835 0.000830807 
0.0193752 0.0392161 0.000992173 0.00174178 
0.0360883 0.0211597 0.00207463 0.00135986 
0.0212471 0.0633782 0.00176619 0.00106919 
0.0184638 0.0665236 0.000535462 0.00117155 
0.0164953 0.0459324 0.00133615 0.000749326 
0.0172863 0.048701 0.000168792 0.000698814 
0.0135123 0.0517767 0.000797305 0.000321354 
0.0160705 0.0587129 0.000780798 0.00118361 
0.0193565 0.0443031 0.000369148 0.000714504 
0.0311278 0.0251932 0.000148521 0.000164337 
0.0550796 0.0145991 0.00297152 0.00271163 
0.0189872 0.0642982 0.00187972 0.00211458 
0.0282492 0.0274013 0.000440443 0.000270302 
0.017551 0.0598595 0.000791287 0.00065492 
0.0158885 0.0523294 0.00015234 0.000224507 
0.0367831 0.0191205 0.00112982 0.00118112 
0.016152 0.0423006 7.99012e-06 6.57465e-07 
0.0220682 0.057219 7.45859e-05 1.52927e-05 
0.0209283 0.0338005 0.000812709 0.000729615 
0.0280937 0.0274942 0.00116845 0.00128875 
0.0306592 0.0249644 0.000770138 0.000631446 
0.0258374 0.0303285 0.00128112 0.0014362 
0.0315176 0.0227493 0.000196701 0.000364241 
0.0193651 0.0586931 0.00309063 0.00327191 
0.0364623 0.0178674 0.00332689 0.00352418 
0.0602252 0.0193848 0.00308586 0.00329743 
0.0504003 0.00956508 0.00177891 0.0019944 
0.0103911 0.0464581 0.000129315 0.000340349 
0.0115581 0.0423465 0.000483765 0.00069947 
0.015286 0.0539163 0.000278509 0.000495768 
0.0186154 0.0453284 0.00391387 0.00413476 
0.0517708 0.0141255 0.00329458 0.00351531 
0.036236 0.0179793 0.00109509 0.00131234 
0.0216289 0.0303482 2.77279e-06 0.0002181 
0.0621308 0.0199084 0.00232471 0.00252485 
0.062152 0.0199571 0.00232464 0.00253839 
0.0138967 0.0475369 0.000528635 0.000739234 
0.0257348 0.069753 0.0014621 0.00124858 
0.0181719 0.0341372 0.000474745 0.000691831 
0.0128054 0.0479739 0.00078499 0.000579386 
0.0137117 0.0480455 0.00415468 0.00438163 
0.0100184 0.0491213 5.29759e-05 0.000180805 
0.016779 0.0337875 0.000227273 9.63644e-06 
0.0289921 0.0208037 0.000470443 0.000713152 
0.026446 0.0713165 0.00196888 0.00172678 
0.0095233 0.0395808 0.00149592 0.00123904 
0.0207675 0.0351397 0.00434627 0.00460819 
0.0147405 0.0535225 0.0011853 0.000920258 
0.0240179 0.0258959 0.00151766 0.00124991 
0.0201986 0.0329115 0.000544107 0.00027368 
0.029942 0.0196509 1.94071e-05 0.000245804 
0.0145364 0.0388357 0.000138038 0.000123908 
0.0193644 0.0326892 0.00380444 0.00406151 
