0.226153 -1.5 0.199078 -0.71042 0.866025 -0.678504 -0.0163531 0 -3.36473e-08 1.04678 0 1.04 
0.226153 -1.5 0.199078 -0.71042 0.866025 -0.678504 -0.0163531 0 -3.41103e-08 1.04678 0 1.04 
0.223326 -1.5 0.199078 -0.684707 0.866025 -0.678504 0.0069326 0 -6.233e-06 1.03981 0 1.04 
0.219631 -1.5 0.199066 -0.715918 0.866025 -0.678506 -0.0265809 0 -0.00071002 1.04987 0 1.03984 
0.208791 -1.5 0.198816 -0.677237 0.866025 -0.678522 0.00598304 0 -0.00183583 1.04403 0 1.03922 
0.202499 -1.5 0.198392 -0.706081 0.866025 -0.678495 -0.057959 0 -0.00197397 1.06622 0 1.03848 
0.18931 -1.5 0.195963 -0.684699 0.866025 -0.678072 -0.0240192 0 -0.0020889 1.03836 0 1.03507 
0.186589 -1.5 0.192744 -0.695227 0.866025 -0.677381 -0.0187673 0 -0.00220143 1.03472 0 1.03142 
0.231405 -1.5 0.190936 -0.713092 0.866025 -0.67739 -0.0363047 0 -0.0041939 1.0454 0 1.02814 
0.22852 -1.5 0.184541 -0.705312 0.866025 -0.674709 -0.0369829 0 0.000717151 1.04536 0 1.02644 
0.261663 -1.5 0.170251 -0.713714 0.866025 -0.672135 -0.025151 0 -0.00193229 1.02779 0 1.01148 
0.260405 -1.5 0.165362 -0.709367 0.866025 -0.670057 -0.0255306 0 0.000163976 1.02776 0 1.01026 
0.273476 -1.5 0.140799 -0.734725 0.866025 -0.663918 -0.0207576 0 -0.000624376 1.012 0 0.989027 
0.269225 -1.5 0.121597 -0.740155 0.866025 -0.659408 -0.0089884 0 -0.00194689 1.00795 0 0.969109 
0.221385 -1.5 0.097885 -0.747128 0.866025 -0.651391 0.00045994 0 -8.10797e-05 0.9643 0 0.952946 
0.190401 -1.5 0.0837663 -0.68708 0.866025 -0.646769 0.071535 0 0.000506857 0.952516 0 0.941902 
0.162822 -1.5 0.0658866 -0.728533 0.866025 -0.640821 -0.00537188 0 0.00112306 0.948169 0 0.92737 
0.164959 -1.5 0.0588727 -0.73322 0.866025 -0.637779 -0.00494464 0 0.00222258 0.948197 0 0.925677 
0.0887048 -1.5 0.00486314 -0.675011 0.866025 -0.6207 0.0165996 0 0.000913724 0.896922 0 0.85883 
0.0819713 -1.5 -0.00440753 -0.664322 0.866025 -0.616618 0.0157055 0 0.00192428 0.896888 0 0.85629 
0.0478844 -1.5 -0.0322401 -0.652501 0.866025 -0.605196 0.00636968 0 0.00302685 0.86978 0 0.835204 
0.00654622 -1.5 -0.0655717 -0.628527 0.866025 -0.59193 0.0283956 0 0.00265592 0.810101 0 0.785629 
0.0197235 -1.5 -0.0863846 -0.651962 0.866025 -0.582024 0.0301741 0 0.00375906 0.810178 0 0.779772 
-0.0227767 -1.5 -0.108146 -0.626127 0.866025 -0.572115 0.049404 0 0.00385362 0.800994 0 0.752055 
-0.0397551 -1.5 -0.126523 -0.639994 0.866025 -0.563322 0.0136655 0 0.00402919 0.755746 0 0.730889 
-0.0873372 -1.5 -0.152368 -0.627852 0.866025 -0.550407 0.0111413 0 0.00410185 0.729531 0 0.69094 
-0.0869597 -1.5 -0.162726 -0.62867 0.866025 -0.545108 0.0111966 0 0.00429738 0.729532 0 0.687682 
-0.148775 -1.5 -0.209673 -0.56419 0.866025 -0.519246 0.0196001 0 0.00454791 0.646622 0 0.61745 
-0.178056 -1.5 -0.228326 -0.547689 0.866025 -0.508477 0.01007 0 0.00464337 0.617662 0 0.595126 
-0.213409 -1.5 -0.248883 -0.520076 0.866025 -0.496019 0.000590498 0 0.00472257 0.585808 0 0.565834 
-0.227749 -1.5 -0.272113 -0.511142 0.866025 -0.482153 0.0124557 0 0.00466229 0.578868 0 0.548164 
-0.24449 -1.5 -0.292299 -0.519144 0.866025 -0.469192 0.000378441 0 0.00461052 0.552671 0 0.522273 
-0.25345 -1.5 -0.306967 -0.504789 0.866025 -0.459431 0.00848317 0 0.00456139 0.53747 0 0.501615 
-0.314013 -1.5 -0.329078 -0.504941 0.866025 -0.443347 -0.0269785 0 0.00459744 0.483196 0 0.452106 
-0.347065 -1.5 -0.356941 -0.458595 0.866025 -0.423257 0.00225339 0 0.00444358 0.436354 0 0.408018 
-0.374478 -1.5 -0.378702 -0.453455 0.866025 -0.407489 -0.0232566 0 0.00421074 0.408133 0 0.383363 
-0.394737 -1.5 -0.393697 -0.444228 0.866025 -0.395555 0.00287495 0 0.00413458 0.379792 0 0.354267 
-0.418393 -1.5 -0.415476 -0.443181 0.866025 -0.378422 -0.0182582 0 0.00392174 0.362811 0 0.325732 
-0.423304 -1.5 -0.437936 -0.433038 0.866025 -0.35971 0.00849459 0 0.00375217 0.324372 0 0.293358 
-0.447304 -1.5 -0.449587 -0.420776 0.866025 -0.34953 -0.00100979 0 0.00367471 0.297087 0 0.275425 
-0.453813 -1.5 -0.466803 -0.406106 0.866025 -0.334479 0.00762743 0 0.00350507 0.284354 0 0.25527 
-0.459962 -1.5 -0.472333 -0.397722 0.866025 -0.329797 0.00756326 0 0.00341876 0.284383 0 0.252469 
-0.510283 -1.5 -0.487849 -0.348652 0.866025 -0.314614 0.00759595 0 0.00336182 0.247826 0 0.22432 
-0.523615 -1.5 -0.506144 -0.314334 0.866025 -0.296251 0.0162985 0 0.00324863 0.231721 0 0.196346 
-0.535729 -1.5 -0.51532 -0.328498 0.866025 -0.286806 0.0100097 0 0.00318483 0.217439 0 0.183769 
-0.534605 -1.5 -0.524524 -0.324283 0.866025 -0.277124 0.0137293 0 0.00313009 0.191523 0 0.171594 
-0.546816 -1.5 -0.534678 -0.329607 0.866025 -0.26611 -0.01171 0 0.00308106 0.190583 0 0.157991 
-0.542618 -1.5 -0.543986 -0.285646 0.866025 -0.255911 0.0189611 0 0.00302489 0.164798 0 0.146657 
-0.552414 -1.5 -0.553835 -0.272237 0.866025 -0.246216 0.0191494 0 0.00290575 0.164772 0 0.141821 
-0.571379 -1.5 -0.572387 -0.241249 0.866025 -0.223849 0.0113755 0 0.00283325 0.138282 0 0.114902 
-0.567361 -1.5 -0.583218 -0.245428 0.866025 -0.211552 0.0108152 0 0.00274053 0.133487 0 0.104562 
-0.576201 -1.5 -0.599199 -0.216134 0.866025 -0.194058 0.00691143 0 0.00259709 0.113548 0 0.092705 
-0.585419 -1.5 -0.607353 -0.216318 0.866025 -0.182583 0.00516033 0 0.00254153 0.103305 0 0.0795691 
-0.613776 -1.5 -0.625638 -0.190576 0.866025 -0.161858 -0.0126313 0 0.00238625 0.082435 0 0.0664345 
-0.618558 -1.5 -0.635429 -0.175544 0.866025 -0.15063 0.0020865 0 0.00230688 0.0698515 0 0.0595683 
-0.63001 -1.5 -0.64904 -0.158614 0.866025 -0.133604 0.00421653 0 0.00218152 0.0630956 0 0.0478337 
-0.659987 -1.5 -0.670539 -0.140593 0.866025 -0.109727 -0.00597645 0 0.00203377 0.051324 0 0.0364909 
-0.655843 -1.5 -0.686493 -0.134208 0.866025 -0.0903928 0.00351608 0 0.00190723 0.0426145 0 0.0263363 
-0.67191 -1.5 -0.699542 -0.116058 0.866025 -0.0746734 0.0035978 0 0.00181458 0.0321176 0 0.0188999 
-0.668966 -1.5 -0.705402 -0.119959 0.866025 -0.068804 0.00342503 0 0.00179572 0.0321156 0 0.0170639 
-0.725226 -1.5 -0.730307 -0.0618904 0.866025 -0.0366808 0.00410565 0 0.0016079 0.00897063 0 0.00270243 
-0.725912 -1.5 -0.751241 -0.0648001 0.866025 -0.0104324 -0.000981706 0 0.00147168 0.00776079 0 -0.00690627 
-0.745417 -1.5 -0.768147 -0.0263068 0.866025 0.0094672 0.00210448 0 0.00139297 -0.00344448 0 -0.0133669 
-0.776875 -1.5 -0.781189 -0.000105117 0.866025 0.0280479 -0.00154549 0 0.00128886 -0.0113937 0 -0.019091 
-0.786425 -1.5 -0.798366 0.00938554 0.866025 0.0501624 -0.00321978 0 0.00120922 -0.0157202 0 -0.0252813 
-0.786428 -1.5 -0.803976 0.00881315 0.866025 0.0561825 -0.00322011 0 0.00121474 -0.0157216 0 -0.0271523 
-0.836835 -1.5 -0.81659 0.0608857 0.866025 0.0757253 -0.00228301 0 0.00111085 -0.0250028 0 -0.0312535 
-0.836588 -1.5 -0.821593 0.060237 0.866025 0.0812416 -0.00231097 0 0.0011187 -0.0250048 0 -0.0329922 
-0.856782 -1.5 -0.839654 0.0912731 0.866025 0.108843 0.0144271 0 0.0010385 -0.0337372 0 -0.0374662 
-0.863059 -1.5 -0.852489 0.102917 0.866025 0.127584 0.00525843 0 0.00100417 -0.0336614 0 -0.0404816 
-0.877764 -1.5 -0.859152 0.112688 0.866025 0.137796 -0.00325238 0 0.00098682 -0.0375751 0 -0.0416934 
-0.881981 -1.5 -0.871223 0.145618 0.866025 0.156272 -0.000497067 0 0.000978143 -0.0417418 0 -0.0435861 
-0.889109 -1.5 -0.877689 0.155847 0.866025 0.166657 -0.00728157 0 0.000973372 -0.0396994 0 -0.0440726 
-0.902717 -1.5 -0.883406 0.184332 0.866025 0.175679 -0.00346199 0 0.000977666 -0.0435287 0 -0.0444914 
-0.904872 -1.5 -0.886533 0.187399 0.866025 0.179451 -0.00317654 0 0.000990668 -0.0435266 0 -0.0455805 
-0.910937 -1.5 -0.895928 0.184067 0.866025 0.193637 -0.00637401 0 0.00100271 -0.0451006 0 -0.0463616 
-0.924258 -1.5 -0.905484 0.217275 0.866025 0.211058 -0.00826165 0 0.000975458 -0.0422795 0 -0.0440521 
-0.92289 -1.5 -0.915384 0.227515 0.866025 0.226448 7.23287e-05 0 0.000980798 -0.0446981 0 -0.0431643 
-0.943551 -1.5 -0.923218 0.237356 0.866025 0.237122 -0.0072224 0 0.00100524 -0.0455886 0 -0.0432057 
-0.944667 -1.5 -0.928078 0.249046 0.866025 0.244353 -0.000612673 0 0.00101522 -0.0416799 0 -0.0423998 
-0.942385 -1.5 -0.931122 0.246151 0.866025 0.247514 -0.000938892 0 0.00103563 -0.041676 0 -0.0429631 
-0.949411 -1.5 -0.939594 0.2489 0.866025 0.262505 -0.00526417 0 0.00105561 -0.0393119 0 -0.0389223 
-0.960304 -1.5 -0.949568 0.278961 0.866025 0.277142 -0.000933996 0 0.00108151 -0.0361122 0 -0.0363173 
-0.959512 -1.5 -0.956248 0.2953 0.866025 0.287412 0.000295224 0 0.00110643 -0.0369502 0 -0.0338915 
-0.978221 -1.5 -0.96634 0.316474 0.866025 0.299154 -0.00245877 0 0.00114562 -0.0345046 0 -0.0327681 
-0.990729 -1.5 -0.975811 0.319686 0.866025 0.31226 -0.0102083 0 0.0011927 -0.0319934 0 -0.0293848 
-0.990437 -1.5 -0.978595 0.31924 0.866025 0.314571 -0.0102569 0 0.00121303 -0.0319931 0 -0.0295119 
-0.983243 -1.5 -0.982855 0.32167 0.866025 0.320054 -0.000968998 0 0.00123911 -0.0325267 0 -0.0280708 
-0.999489 -1.5 -0.988547 0.335015 0.866025 0.328542 -0.000726902 0 0.00126549 -0.0275021 0 -0.0251229 
-1.02238 -1.5 -0.993303 0.350326 0.866025 0.334973 -0.0101426 0 0.00128906 -0.0240581 0 -0.0231063 
-1.02332 -1.5 -1.00007 0.359022 0.866025 0.342001 -0.00414101 0 0.00133508 -0.0220809 0 -0.0216466 
-1.02888 -1.5 -1.00507 0.358072 0.866025 0.348 -0.000860876 0 0.00136071 -0.0223277 0 -0.0199051 
-1.03503 -1.5 -1.00691 0.362608 0.866025 0.351707 -0.00802793 0 0.00136 -0.0226434 0 -0.0182873 
-1.03102 -1.5 -1.01332 0.369914 0.866025 0.358191 0.00329022 0 0.00140411 -0.0170233 0 -0.0168029 
-1.03061 -1.5 -1.01883 0.369153 0.866025 0.361942 0.00320964 0 0.00145139 -0.0170225 0 -0.0165202 
-1.04951 -1.5 -1.02767 0.381756 0.866025 0.374782 -0.00418419 0 0.00150465 -0.0140256 0 -0.0121523 
-1.04906 -1.5 -1.02993 0.38116 0.866025 0.376267 -0.0042627 0 0.00152454 -0.0140256 0 -0.0119991 
-1.04432 -1.5 -1.04111 0.39056 0.866025 0.390274 0.00203633 0 0.00159774 -0.00939896 0 -0.0081253 
-1.05571 -1.5 -1.04852 0.404543 0.866025 0.397092 0.00211221 0 0.00163951 -0.00809102 0 -0.00666916 
-1.05447 -1.5 -1.05134 0.402918 0.866025 0.39886 0.00188735 0 0.00165126 -0.00809095 0 -0.00641534 
-1.05299 -1.5 -1.05412 0.40105 0.866025 0.400599 0.001625 0 0.00166258 -0.00809145 0 -0.00615383 
-1.059 -1.5 -1.06185 0.410695 0.866025 0.410658 -0.00208424 0 0.00169577 -0.00922108 0 -0.00352686 
-1.0586 -1.5 -1.06347 0.410169 0.866025 0.411647 -0.00215606 0 0.00170146 -0.00922103 0 -0.00336247 
-1.07695 -1.5 -1.07047 0.424862 0.866025 0.420375 0.00155245 0 0.00172509 -0.00213207 0 -0.00121013 
-1.09307 -1.5 -1.07455 0.452481 0.866025 0.424569 -0.00542958 0 0.00173805 -0.000625422 0 -0.000254182 
-1.10086 -1.5 -1.07993 0.442943 0.866025 0.431029 0.000723832 0 0.00175201 -0.00105892 0 0.00122917 
-1.11535 -1.5 -1.08576 0.452263 0.866025 0.435964 -0.0036397 0 0.00175861 0.000887135 0 0.00228147 
-1.13275 -1.5 -1.09531 0.456479 0.866025 0.446015 -0.00863598 0 0.00178008 0.00413697 0 0.00428018 
-1.11895 -1.5 -1.1014 0.462162 0.866025 0.450644 0.00118824 0 0.00179487 0.00481145 0 0.00514357 
-1.11788 -1.5 -1.10395 0.460619 0.866025 0.452138 0.000970583 0 0.00179692 0.00481196 0 0.00544378 
-1.11649 -1.5 -1.10914 0.454499 0.866025 0.457912 -0.000209203 0 0.00184653 0.00462717 0 0.00626385 
-1.12008 -1.5 -1.11167 0.468259 0.866025 0.4594 -0.000810583 0 0.00185197 0.00560917 0 0.0065573 
-1.12941 -1.5 -1.11832 0.468323 0.866025 0.467456 0.00279447 0 0.00192896 0.00493332 0 0.00733202 
-1.1442 -1.5 -1.12457 0.482479 0.866025 0.472481 -0.00401021 0 0.00196631 0.00727823 0 0.00798769 
-1.14133 -1.5 -1.12827 0.496379 0.866025 0.475959 0.000461577 0 0.00199676 0.00679075 0 0.00832095 
-1.14203 -1.5 -1.13189 0.500574 0.866025 0.479343 0.0044646 0 0.00202286 0.00598948 0 0.0086135 
-1.14306 -1.5 -1.1342 0.502056 0.866025 0.480728 0.00468405 0 0.00202679 0.00598893 0 0.00887445 
-1.18218 -1.5 -1.14046 0.508805 0.866025 0.48817 -0.00780096 0 0.0020842 0.00853084 0 0.00899118 
-1.16819 -1.5 -1.14562 0.504224 0.866025 0.492222 0.00469917 0 0.00210148 0.0106664 0 0.00935173 
-1.17089 -1.5 -1.14997 0.502235 0.866025 0.496283 0.00414255 0 0.00211885 0.00881415 0 0.00947702 
-1.16878 -1.5 -1.15711 0.511525 0.866025 0.502867 0.00531364 0 0.00213487 0.00963393 0 0.00961734 
-1.17479 -1.5 -1.16087 0.516021 0.866025 0.506441 0.00201621 0 0.00213854 0.0107155 0 0.00962475 
-1.19173 -1.5 -1.16809 0.510403 0.866025 0.513215 -0.0079308 0 0.0021359 0.010957 0 0.00960433 
-1.19075 -1.5 -1.17079 0.508783 0.866025 0.514902 -0.00815621 0 0.00212463 0.0109546 0 0.00982649 
-1.19248 -1.5 -1.17421 0.525741 0.866025 0.520099 0.00164934 0 0.00212248 0.0102745 0 0.00917871 
-1.20485 -1.5 -1.17921 0.534673 0.866025 0.524239 -0.0014625 0 0.00209798 0.0108187 0 0.00925355 
-1.20087 -1.5 -1.18679 0.53269 0.866025 0.532225 -0.00462619 0 0.00205368 0.0104925 0 0.00876909 
-1.20085 -1.5 -1.18907 0.532239 0.866025 0.533665 -0.00465667 0 0.00203987 0.0104923 0 0.00893161 
-1.20092 -1.5 -1.19351 0.549326 0.866025 0.539209 0.00547863 0 0.00201088 0.00709118 0 0.00827622 
-1.21738 -1.5 -1.19807 0.551215 0.866025 0.543192 0.00149987 0 0.00198637 0.00891755 0 0.00818124 
-1.21858 -1.5 -1.20076 0.560736 0.866025 0.545936 0.00429125 0 0.0019716 0.00983917 0 0.00796002 
-1.23328 -1.5 -1.20481 0.572155 0.866025 0.550602 0.00182147 0 0.00194028 0.00755197 0 0.00736305 
-1.23429 -1.5 -1.20604 0.57352 0.866025 0.551454 0.00205221 0 0.00193566 0.0075505 0 0.00742326 
-1.22986 -1.5 -1.20984 0.587411 0.866025 0.554795 0.00416642 0 0.00191746 0.00868036 0 0.00729309 
-1.25745 -1.5 -1.21409 0.578682 0.866025 0.560182 -0.00739681 0 0.00188037 0.00690421 0 0.00639259 
-1.262 -1.5 -1.2166 0.593492 0.866025 0.56283 -0.0114972 0 0.00186631 0.00782222 0 0.00611824 
-1.25988 -1.5 -1.2208 0.591834 0.866025 0.566845 -0.0118286 0 0.0018404 0.0078501 0 0.00586251 
-1.23754 -1.5 -1.22346 0.570352 0.866025 0.569706 0.00412216 0 0.00182299 0.00552704 0 0.00557287 
-1.2169 -1.5 -1.22614 0.577854 0.866025 0.572616 0.0164194 0 0.00181017 0.0031319 0 0.0052806 
-1.21461 -1.5 -1.2278 0.575072 0.866025 0.573939 0.0159118 0 0.00180519 0.00313226 0 0.00528241 
-1.23384 -1.5 -1.23045 0.582024 0.866025 0.576849 0.00426789 0 0.00179456 0.00266874 0 0.00498104 
-1.25154 -1.5 -1.23454 0.588443 0.866025 0.582035 -0.000271757 0 0.00178263 0.00517278 0 0.00428248 
-1.25207 -1.5 -1.23777 0.602983 0.866025 0.585927 0.0047085 0 0.0017685 0.00465589 0 0.00383039 
-1.27441 -1.5 -1.24056 0.597445 0.866025 0.589017 -0.00268401 0 0.0017474 0.00215026 0 0.00354277 
-1.27353 -1.5 -1.24386 0.604178 0.866025 0.592378 0.000137207 0 0.00170989 0.00383445 0 0.00328698 
-1.28108 -1.5 -1.24643 0.617732 0.866025 0.595439 -0.00418368 0 0.0016858 0.00234577 0 0.00296169 
-1.28249 -1.5 -1.24997 0.615368 0.866025 0.599171 -0.00396739 0 0.00164383 0.00410538 0 0.00264716 
-1.29799 -1.5 -1.25297 0.624533 0.866025 0.602985 -0.0126743 0 0.00161706 0.000836321 0 0.00221251 
-1.29102 -1.5 -1.25643 0.619622 0.866025 0.607549 -0.00197359 0 0.00159513 0.00374045 0 0.00169886 
-1.29186 -1.5 -1.25966 0.623761 0.866025 0.611023 -0.0066389 0 0.00156816 0.00308537 0 0.00141849 
-1.28326 -1.5 -1.26342 0.635354 0.866025 0.615486 0.00278329 0 0.00155055 0.00112085 0 0.00101942 
-1.30546 -1.5 -1.26713 0.640556 0.866025 0.620023 -0.00407181 0 0.00154335 -0.00109985 0 0.000622709 
-1.30206 -1.5 -1.26911 0.640079 0.866025 0.622424 -0.00549808 0 0.00154389 -0.000115581 0 0.000425563 
-1.30039 -1.5 -1.2699 0.640687 0.866025 0.623683 0.00299704 0 0.00154008 0.000774363 0 0.000312731 
-1.30245 -1.5 -1.27318 0.641549 0.866025 0.627847 0.00207371 0 0.00154097 0.000734217 0 5.21116e-06 
-1.29711 -1.5 -1.27507 0.641687 0.866025 0.630183 0.00524102 0 0.00154397 -0.00106567 0 -0.000153112 
-1.30522 -1.5 -1.27994 0.643653 0.866025 0.63641 0.00340414 0 0.00155251 -0.00088543 0 -0.000522332 
-1.314 -1.5 -1.28331 0.65196 0.866025 0.64072 5.94062e-06 0 0.00156214 -0.000498598 0 -0.000733698 
-1.31101 -1.5 -1.28522 0.664949 0.866025 0.643093 -0.000243324 0 0.00156717 -0.00048694 0 -0.000839222 
-1.30763 -1.5 -1.28831 0.656559 0.866025 0.64706 0.00411045 0 0.00157771 -6.96309e-05 0 -0.000983672 
-1.3056 -1.5 -1.29112 0.654258 0.866025 0.650449 0.00361267 0 0.00158959 -9.27408e-05 0 -0.00111376 
-1.31416 -1.5 -1.29298 0.670323 0.866025 0.652806 0.00204898 0 0.00159701 -0.000161864 0 -0.00118333 
-1.31614 -1.5 -1.29375 0.662943 0.866025 0.654099 0.00180128 0 0.0016013 -0.00155757 0 -0.00117499 
-1.31519 -1.5 -1.29512 0.66193 0.866025 0.655456 0.00158298 0 0.00160588 -0.00155772 0 -0.001267 
-1.33243 -1.5 -1.29985 0.675776 0.866025 0.662216 -0.00204416 0 0.00162875 -0.000181222 0 -0.00129884 
-1.34189 -1.5 -1.30205 0.691893 0.866025 0.664898 -0.00256809 0 0.00162655 0.00159137 0 -0.00137625 
-1.33218 -1.5 -1.30512 0.687905 0.866025 0.669284 0.0033246 0 0.00162838 -0.000547762 0 -0.00134108 
-1.33337 -1.5 -1.30748 0.69075 0.866025 0.672423 0.00107094 0 0.00162217 -0.00158094 0 -0.00133448 
-1.33493 -1.5 -1.30873 0.692108 0.866025 0.674124 0.00117071 0 0.00161623 -0.00170053 0 -0.00131451 
-1.33735 -1.5 -1.30975 0.696854 0.866025 0.675431 0.00340657 0 0.00160734 -0.00193865 0 -0.00131183 
-1.31805 -1.5 -1.3117 0.699513 0.866025 0.677836 0.0194996 0 0.00158345 -0.000822148 0 -0.00130869 
-1.35029 -1.5 -1.31319 0.702462 0.866025 0.679877 -0.00545285 0 0.00156537 -0.000578161 0 -0.00124726 
-1.34291 -1.5 -1.31436 0.70756 0.866025 0.681372 0.00205372 0 0.00154626 0.000242248 0 -0.00121745 
-1.3467 -1.5 -1.31615 0.702056 0.866025 0.683402 0.000494007 0 0.00150386 -0.00180583 0 -0.00121476 
-1.35045 -1.5 -1.31872 0.721223 0.866025 0.686569 -0.00351654 0 0.00142578 -0.000643415 0 -0.0011421 
-1.3382 -1.5 -1.32009 0.704771 0.866025 0.688746 0.00768457 0 0.00138262 -0.00191375 0 -0.00100185 
-1.35793 -1.5 -1.32191 0.716359 0.866025 0.690774 -0.00430488 0 0.00131288 -0.00103046 0 -0.000974919 
-1.36116 -1.5 -1.32389 0.716627 0.866025 0.692908 -0.00621657 0 0.00123317 -0.000796555 0 -0.000945364 
-1.36385 -1.5 -1.3254 0.717611 0.866025 0.694658 -0.00525102 0 0.00117272 -0.000483332 0 -0.000894123 
-1.36708 -1.5 -1.32692 0.720224 0.866025 0.69699 -0.00232624 0 0.00111193 0.00114134 0 -0.000746602 
-1.34875 -1.5 -1.3297 0.733177 0.866025 0.699656 0.00474676 0 0.00101048 0.000666594 0 -0.000716424 
-1.35648 -1.5 -1.33102 0.725415 0.866025 0.701221 -0.00025999 0 0.000965678 -0.00139434 0 -0.000651855 
-1.3864 -1.5 -1.33339 0.726865 0.866025 0.704128 -0.0113057 0 0.000890844 0.00185964 0 -0.000519053 
-1.389 -1.5 -1.33628 0.731781 0.866025 0.707414 -0.0124972 0 0.000813198 0.00154402 0 -0.00039307 
-1.38813 -1.5 -1.33797 0.730694 0.866025 0.708672 -0.0127225 0 0.000788288 0.00154398 0 -0.000400753 
-1.37072 -1.5 -1.34032 0.728359 0.866025 0.711559 0.00108839 0 0.000737454 -2.70107e-05 0 -0.000270509 
-1.38102 -1.5 -1.34373 0.727442 0.866025 0.715366 -0.00674323 0 0.000693265 0.000607054 0 -0.000136715 
-1.36738 -1.5 -1.34537 0.730598 0.866025 0.717054 0.00313699 0 0.000684084 4.21264e-05 0 -8.93811e-05 
-1.36738 -1.5 -1.34537 0.730598 0.866025 0.717054 0.00313699 0 0.000684084 4.21264e-05 0 -8.93811e-05 
-1.38247 -1.5 -1.34851 0.74305 0.866025 0.720541 -0.00945861 0 0.000678916 0.000196885 0 2.26164e-05 
-1.38735 -1.5 -1.3518 0.743016 0.866025 0.724514 -0.00659152 0 0.000692804 0.00149244 0 0.000158344 
-1.38774 -1.5 -1.35302 0.745414 0.866025 0.725838 -0.00280434 0 0.000702487 0.000440453 0 0.000196127 
-1.39144 -1.5 -1.35442 0.740389 0.866025 0.727462 0.00150512 0 0.000716036 -0.000102924 0 0.000246561 
-1.40246 -1.5 -1.35522 0.751312 0.866025 0.728082 -0.00684377 0 0.000723306 -0.000719719 0 0.000255169 
-1.39429 -1.5 -1.35688 0.753796 0.866025 0.730274 -0.00122241 0 0.000745309 -0.000274539 0 0.000329434 
-1.39582 -1.5 -1.35752 0.753585 0.866025 0.730769 -0.00440691 0 0.000749902 -0.00024327 0 0.000337033 
-1.39772 -1.5 -1.36009 0.758983 0.866025 0.733788 -0.00144292 0 0.000785751 5.56227e-05 0 0.000422623 
-1.39812 -1.5 -1.36117 0.759136 0.866025 0.734992 -0.000486172 0 0.000802865 -0.000476129 0 0.00045244 
-1.40011 -1.5 -1.36259 0.759913 0.866025 0.736597 -0.000545096 0 0.000832488 -0.000617309 0 0.00048916 
-1.3884 -1.5 -1.36428 0.760011 0.866025 0.738253 0.00747455 0 0.000855289 0.000806337 0 0.000521136 
-1.41226 -1.5 -1.3658 0.766683 0.866025 0.739737 -0.0126956 0 0.000873345 -0.000977734 0 0.000547104 
-1.38706 -1.5 -1.36682 0.760332 0.866025 0.74082 0.0067438 0 0.000893295 0.000228331 0 0.000564407 
-1.38656 -1.5 -1.36747 0.75995 0.866025 0.741359 0.00663089 0 0.000888979 0.000228509 0 0.000573056 
-1.39969 -1.5 -1.36785 0.751908 0.866025 0.741915 -0.00242193 0 0.000912582 0.000370151 0 0.00058003 
-1.40279 -1.5 -1.36986 0.768535 0.866025 0.74402 -0.00228282 0 0.000946978 0.0012577 0 0.000605532 
-1.40304 -1.5 -1.3705 0.768868 0.866025 0.744558 -0.00221417 0 0.000938595 0.00125772 0 0.000613532 
-1.39458 -1.5 -1.37281 0.776033 0.866025 0.747084 0.00259478 0 0.000983806 7.45509e-05 0 0.000633211 
-1.41595 -1.5 -1.37431 0.76782 0.866025 0.748754 -0.0141687 0 0.00100971 0.00113195 0 0.000640018 
-1.40419 -1.5 -1.37641 0.767395 0.866025 0.751025 -0.000879763 0 0.00103021 -0.00163335 0 0.000644805 
-1.41874 -1.5 -1.37752 0.770676 0.866025 0.752198 -0.0079519 0 0.00103643 -1.50471e-05 0 0.000645631 
-1.40758 -1.5 -1.37861 0.769322 0.866025 0.753343 0.00103865 0 0.00104243 -0.000842164 0 0.000645414 
-1.44303 -1.5 -1.38115 0.79037 0.866025 0.756108 -0.0215904 0 0.00106874 0.00217568 0 0.00063087 
-1.41786 -1.5 -1.38314 0.778543 0.866025 0.758159 0.00105452 0 0.00108522 0.00191706 0 0.000622967 
-1.41763 -1.5 -1.3838 0.778192 0.866025 0.758684 0.000986471 0 0.00108369 0.00191687 0 0.000634439 
-1.43312 -1.5 -1.38523 0.791187 0.866025 0.760271 -0.0131167 0 0.00111079 0.000311623 0 0.000617775 
-1.40659 -1.5 -1.38639 0.770079 0.866025 0.76142 0.0129754 0 0.00113195 4.98839e-05 0 0.000618618 
-1.42528 -1.5 -1.38802 0.780092 0.866025 0.763168 0.000864715 0 0.00117396 -0.00190096 0 0.000606882 
-1.42662 -1.5 -1.38913 0.786337 0.866025 0.764495 -0.000718981 0 0.00121458 0.000641449 0 0.000586269 
-1.42726 -1.5 -1.38952 0.786738 0.866025 0.76482 -0.000579893 0 0.00122986 0.000641159 0 0.000595892 
-1.40362 -1.5 -1.39062 0.7817 0.866025 0.766158 0.0143459 0 0.00128775 -0.000712258 0 0.000579363 
-1.4251 -1.5 -1.39123 0.789122 0.866025 0.766858 0.000714292 0 0.00132897 9.58951e-05 0 0.000578276 
-1.44248 -1.5 -1.39253 0.791371 0.866025 0.768499 -0.00412407 0 0.00143552 0.00153595 0 0.000567271 
-1.42567 -1.5 -1.39386 0.785975 0.866025 0.770286 0.0042475 0 0.00155321 0.000351044 0 0.00056024 
-1.42574 -1.5 -1.39421 0.786577 0.866025 0.770664 0.00431257 0 0.00157918 0.000350907 0 0.000568891 
-1.41623 -1.5 -1.39571 0.796339 0.866025 0.772842 0.00864115 0 0.00169957 -0.000751671 0 0.000553315 
-1.42505 -1.5 -1.39676 0.796742 0.866025 0.77417 0.00211692 0 0.00176013 0.000321751 0 0.000556026 
-1.46572 -1.5 -1.39753 0.813705 0.866025 0.77518 -0.0251207 0 0.00179861 0.00146292 0 0.000552175 
-1.42754 -1.5 -1.39883 0.799724 0.866025 0.77695 -0.00176958 0 0.00185145 -0.00208096 0 0.000539498 
-1.42984 -1.5 -1.40059 0.801321 0.866025 0.779383 0.00280043 0 0.00190696 0.00179736 0 0.000516199 
-1.42925 -1.5 -1.40138 0.800566 0.866025 0.780097 0.00263456 0 0.0019067 0.0017973 0 0.000524472 
-1.43108 -1.5 -1.4026 0.798779 0.866025 0.781999 0.000756156 0 0.00194927 -0.000857229 0 0.000496589 
-1.41471 -1.5 -1.40329 0.810004 0.866025 0.782857 0.0105801 0 0.00196013 0.0022 0 0.000490296 
-1.4371 -1.5 -1.40396 0.813516 0.866025 0.783689 0.00162131 0 0.00196863 0.00332117 0 0.000484133 
-1.43769 -1.5 -1.40474 0.814034 0.866025 0.784316 0.00176491 0 0.00195031 0.00332171 0 0.000490147 
-1.4277 -1.5 -1.40586 0.81182 0.866025 0.785746 0.00779132 0 0.00195552 0.0023608 0 0.000472989 
-1.44274 -1.5 -1.40667 0.821076 0.866025 0.786897 -0.000291378 0 0.00196548 0.0051057 0 0.000454601 
-1.446 -1.5 -1.4073 0.826204 0.866025 0.787629 -0.00359119 0 0.00195649 0.0046136 0 0.000443555 
-1.45055 -1.5 -1.40832 0.825409 0.866025 0.788638 -0.00694443 0 0.00192035 0.00322768 0 0.000424924 
-1.42753 -1.5 -1.40897 0.813214 0.866025 0.789354 0.00689914 0 0.00190232 -0.000794193 0 0.000408317 
-1.46628 -1.5 -1.41019 0.816205 0.866025 0.79069 -0.0125709 0 0.0018658 0.0031967 0 0.000370391 
-1.43597 -1.5 -1.41076 0.827166 0.866025 0.791309 0.00357819 0 0.00184789 0.0038312 0 0.00034977 
-1.45701 -1.5 -1.41223 0.818988 0.866025 0.792839 -0.00860044 0 0.0018 -5.30551e-05 0 0.000291483 
-1.44519 -1.5 -1.41263 0.819978 0.866025 0.793138 -0.00148243 0 0.00177612 0.000995627 0 0.00027142 
-1.45395 -1.5 -1.41373 0.820372 0.866025 0.794299 -0.00495342 0 0.00174433 0.000693268 0 0.000222429 
-1.44762 -1.5 -1.41498 0.819614 0.866025 0.795508 -0.000593459 0 0.00169894 0.000183828 0 0.000159089 
-1.44062 -1.5 -1.41598 0.813344 0.866025 0.796388 0.00447167 0 0.00166275 -0.000717117 0 9.74202e-05 
-1.43545 -1.5 -1.41658 0.812274 0.866025 0.796951 0.00557942 0 0.00164636 -0.0010102 0 6.22971e-05 
-1.46868 -1.5 -1.41746 0.822098 0.866025 0.79774 -0.0144337 0 0.00162574 -0.00144938 0 -1.77845e-07 
-1.44846 -1.5 -1.41849 0.810031 0.866025 0.798808 0.00499763 0 0.00161788 0.00295396 0 -4.80947e-05 
-1.439 -1.5 -1.41903 0.811201 0.866025 0.799335 0.0091036 0 0.00161318 -0.000128438 0 -8.61369e-05 
-1.44323 -1.5 -1.41954 0.814657 0.866025 0.799846 0.0107719 0 0.00161304 0.0019128 0 -0.000118541 
-1.45698 -1.5 -1.42002 0.82118 0.866025 0.800347 0.000852335 0 0.00161614 -0.000676078 0 -0.000149763 
-1.46162 -1.5 -1.42087 0.822438 0.866025 0.801261 -0.00193342 0 0.00162825 -3.20929e-05 0 -0.000203512 
-1.45892 -1.5 -1.42149 0.819083 0.866025 0.801944 0.00122921 0 0.00164087 0.00106389 0 -0.000255928 
-1.46183 -1.5 -1.42187 0.824681 0.866025 0.802382 -0.00197956 0 0.00165102 -0.000176559 0 -0.000282024 
-1.4367 -1.5 -1.42261 0.817393 0.866025 0.80328 0.0182495 0 0.00167366 0.000878776 0 -0.000335251 
-1.46169 -1.5 -1.42314 0.82307 0.866025 0.803952 0.000397061 0 0.00168478 3.94785e-05 0 -0.000351542 
-1.44679 -1.5 -1.4239 0.837058 0.866025 0.805017 0.00315497 0 0.00170211 -0.00227379 0 -0.000415349 
-1.52602 -1.5 -1.42456 0.835425 0.866025 0.805986 -0.0439247 0 0.00170128 0.000174201 0 -0.000451004 
-1.52583 -1.5 -1.42471 0.835417 0.866025 0.806218 -0.0439568 0 0.00170136 0.000173973 0 -0.000474275 
-1.47661 -1.5 -1.42543 0.833582 0.866025 0.807273 -0.00618509 0 0.00170771 -0.000464206 0 -0.000503467 
-1.4764 -1.5 -1.42562 0.833261 0.866025 0.807548 -0.00624972 0 0.00170998 -0.000464194 0 -0.000530186 
-1.46654 -1.5 -1.42636 0.83052 0.866025 0.808589 -0.00129905 0 0.00175689 0.00112141 0 -0.000548456 
-1.4665 -1.5 -1.42651 0.830246 0.866025 0.808803 -0.0013309 0 0.00176569 0.00112141 0 -0.000569577 
-1.45883 -1.5 -1.42677 0.836252 0.866025 0.80917 0.0014599 0 0.00178961 0.00198287 0 -0.000585059 
-1.45495 -1.5 -1.42744 0.831101 0.866025 0.810083 0.00668405 0 0.00186673 0.00132538 0 -0.00060942 
-1.47691 -1.5 -1.42782 0.841856 0.866025 0.810666 -0.00826518 0 0.0019215 -0.00168131 0 -0.000649152 
-1.4598 -1.5 -1.42842 0.832284 0.866025 0.811516 0.00325959 0 0.00200352 0.000644427 0 -0.00067095 
-1.46968 -1.5 -1.42883 0.829779 0.866025 0.812072 0.00304722 0 0.0020548 0.00285347 0 -0.000680719 
-1.46938 -1.5 -1.42908 0.829687 0.866025 0.812489 0.00298891 0 0.00209128 0.00285363 0 -0.000719048 
-1.47086 -1.5 -1.42961 0.833438 0.866025 0.813169 -0.00204567 0 0.00214765 0.00130001 0 -0.000723929 
-1.46911 -1.5 -1.43001 0.836205 0.866025 0.813725 -0.00126223 0 0.00219004 0.00116124 0 -0.000753855 
-1.47584 -1.5 -1.4305 0.836152 0.866025 0.814348 -0.00543401 0 0.00222818 -8.02627e-05 0 -0.000765817 
-1.4758 -1.5 -1.43077 0.83613 0.866025 0.814718 -0.00544173 0 0.00225134 -8.02721e-05 0 -0.000792841 
-1.48576 -1.5 -1.43135 0.845349 0.866025 0.815447 -0.0110163 0 0.00229694 0.00206801 0 -0.000819929 
-1.47461 -1.5 -1.4318 0.840535 0.866025 0.816017 -0.0024449 0 0.00233565 0.00183375 0 -0.000839674 
-1.46754 -1.5 -1.4323 0.841449 0.866025 0.816666 0.00326998 0 0.00238205 0.00191736 0 -0.000858157 
-1.46965 -1.5 -1.43266 0.84053 0.866025 0.817171 0.00190777 0 0.00242799 0.00140346 0 -0.00087436 
-1.47146 -1.5 -1.43291 0.844288 0.866025 0.817499 -0.000498999 0 0.00245249 -0.000865663 0 -0.000881145 
-1.43118 -1.5 -1.43306 0.834938 0.866025 0.817711 0.0272076 0 0.00247492 0.00083807 0 -0.000887311 
-1.48846 -1.5 -1.43328 0.843111 0.866025 0.818009 -0.00989482 0 0.00250115 0.00204518 0 -0.000893441 
-1.46291 -1.5 -1.43347 0.841263 0.866025 0.818264 0.00792742 0 0.0025227 0.00301997 0 -0.000897418 
-1.48252 -1.5 -1.43364 0.847548 0.866025 0.81848 -0.00396866 0 0.00253863 0.000164187 0 -0.000900115 
-1.46342 -1.5 -1.4341 0.836862 0.866025 0.819042 0.00727108 0 0.00256802 0.00330857 0 -0.000905502 
-1.45624 -1.5 -1.43439 0.843073 0.866025 0.819423 0.0122336 0 0.00260993 0.00108451 0 -0.000906752 
-1.46323 -1.5 -1.43468 0.839141 0.866025 0.819768 0.00772274 0 0.0026212 0.0021024 0 -0.000910493 
-1.46313 -1.5 -1.43481 0.839042 0.866025 0.819954 0.00769589 0 0.00265223 0.00210233 0 -0.000908166 
-1.51107 -1.5 -1.4353 0.85131 0.866025 0.820557 -0.0214416 0 0.00267919 0.000759943 0 -0.000912987 
-1.46537 -1.5 -1.43577 0.844628 0.866025 0.821114 0.00517525 0 0.00269197 3.75599e-05 0 -0.000917801 
-1.46643 -1.5 -1.43612 0.842771 0.866025 0.821526 0.00387052 0 0.00270499 -0.000506784 0 -0.000917036 
-1.46732 -1.5 -1.43679 0.843729 0.866025 0.822259 0.00385269 0 0.00272455 0.00276935 0 -0.000912664 
-1.54218 -1.5 -1.43723 0.870891 0.866025 0.822736 -0.0440259 0 0.00272716 0.00233458 0 -0.000912184 
-1.48976 -1.5 -1.43773 0.852202 0.866025 0.823262 -0.00686815 0 0.00271359 0.00166779 0 -0.000919497 
-1.41497 -1.5 -1.438 0.835536 0.866025 0.823559 0.0395433 0 0.00273656 -0.00388823 0 -0.000908583 
-1.47946 -1.5 -1.43835 0.850873 0.866025 0.823939 -0.00199784 0 0.00277096 -0.00221006 0 -0.000896246 
-1.47153 -1.5 -1.43867 0.849779 0.866025 0.824286 0.00160404 0 0.0027806 -0.00203807 0 -0.00090176 
-1.48009 -1.5 -1.43887 0.843966 0.866025 0.82449 -0.00139112 0 0.00279725 -0.00267196 0 -0.000897318 
-1.48011 -1.5 -1.43897 0.844235 0.866025 0.824598 -0.00136136 0 0.00281402 -0.00267196 0 -0.000886571 
-1.48526 -1.5 -1.4393 0.856938 0.866025 0.82492 -0.00561833 0 0.00282529 -0.000675208 0 -0.000890313 
-1.48161 -1.5 -1.43961 0.857544 0.866025 0.825214 -0.00305689 0 0.00284989 0.00241151 0 -0.000873195 
-1.43714 -1.5 -1.43986 0.842238 0.866025 0.825434 0.0250022 0 0.00286256 -0.00340684 0 -0.000867846 
-1.47563 -1.5 -1.44017 0.8447 0.866025 0.825728 0.002395 0 0.00287903 -0.00196076 0 -0.000864168 
-1.475 -1.5 -1.44042 0.843298 0.866025 0.825944 0.00372311 0 0.00289309 -0.00162109 0 -0.00085168 
-1.47813 -1.5 -1.44067 0.847056 0.866025 0.826169 0.000121719 0 0.00290391 -0.00233131 0 -0.000841734 
-1.4768 -1.5 -1.44084 0.854223 0.866025 0.826328 -0.00192991 0 0.00290847 -0.00157785 0 -0.000832415 
-1.48684 -1.5 -1.4413 0.84965 0.866025 0.826719 -0.00498228 0 0.00290529 -0.00166704 0 -0.000806108 
-1.48689 -1.5 -1.44143 0.849783 0.866025 0.826794 -0.00496102 0 0.00289577 -0.00166707 0 -0.000788885 
-1.45249 -1.5 -1.44169 0.847174 0.866025 0.827009 0.0148699 0 0.00288497 -0.00266287 0 -0.000773874 
-1.48673 -1.5 -1.44211 0.855411 0.866025 0.827395 -0.00468581 0 0.00286804 -0.00134097 0 -0.000758179 
-1.48665 -1.5 -1.44226 0.855145 0.866025 0.827471 -0.00472504 0 0.00285297 -0.00134096 0 -0.000739089 
-1.47617 -1.5 -1.4428 0.852298 0.866025 0.827841 -0.000606427 0 0.00281221 -0.00209755 0 -0.000693865 
-1.48094 -1.5 -1.44299 0.850008 0.866025 0.828032 5.71876e-05 0 0.00280172 -0.00101499 0 -0.000689752 
-1.48853 -1.5 -1.44358 0.851094 0.866025 0.828392 -0.00536819 0 0.00274887 -0.000300731 0 -0.000629262 
-1.49389 -1.5 -1.44411 0.854693 0.866025 0.828727 -0.00846322 0 0.00269746 -0.00101492 0 -0.000571399 
-1.48259 -1.5 -1.4443 0.855132 0.866025 0.828831 -5.85696e-05 0 0.00267684 -0.000279131 0 -0.000546746 
-1.48607 -1.5 -1.44464 0.852811 0.866025 0.829011 -0.00290527 0 0.00263446 -0.000801613 0 -0.000498162 
-1.48719 -1.5 -1.44485 0.855946 0.866025 0.82913 -0.0037725 0 0.00260909 -0.000634126 0 -0.000469545 
-1.4899 -1.5 -1.44528 0.856015 0.866025 0.829356 -0.00542777 0 0.00256159 -0.00105428 0 -0.000410973 
-1.48815 -1.5 -1.4458 0.855467 0.866025 0.829651 -0.00313878 0 0.00251523 -0.000949649 0 -0.000340952 
-1.48399 -1.5 -1.44601 0.859133 0.866025 0.82976 -0.0035528 0 0.00249625 -0.00122269 0 -0.000310594 
-1.46509 -1.5 -1.44637 0.845364 0.866025 0.829926 0.0138665 0 0.00246326 -0.000546598 0 -0.000257292 
-1.46471 -1.5 -1.44662 0.846486 0.866025 0.830087 0.0129524 0 0.00244969 -0.000356396 0 -0.00021989 
-1.4556 -1.5 -1.44692 0.851207 0.866025 0.830219 0.0171729 0 0.00242263 -0.00120091 0 -0.000173041 
-1.43743 -1.5 -1.44709 0.843567 0.866025 0.830312 0.0316436 0 0.00240671 -0.000721947 0 -0.000146305 
-1.48955 -1.5 -1.44756 0.857046 0.866025 0.830653 -0.004309 0 0.00235661 0.000613387 0 -6.89668e-05 
-1.4872 -1.5 -1.44784 0.857481 0.866025 0.830777 -0.00407911 0 0.00229637 -0.000668577 0 -2.92497e-05 
-1.48708 -1.5 -1.44803 0.856168 0.866025 0.830893 -0.00302475 0 0.00225532 -0.000168051 0 -1.03954e-06 
-1.48068 -1.5 -1.44829 0.851329 0.866025 0.83112 0.00306596 0 0.00219946 0.00100348 0 4.44609e-05 
-1.48265 -1.5 -1.44869 0.849414 0.866025 0.831364 0.00196899 0 0.00209541 0.00103059 0 0.000100541 
-1.4825 -1.5 -1.44901 0.849103 0.866025 0.831435 0.00191332 0 0.00200976 0.00103065 0 0.000127862 
-1.49176 -1.5 -1.44925 0.855921 0.866025 0.831749 -0.00506849 0 0.00195084 -0.00127153 0 0.000179878 
-1.48636 -1.5 -1.44965 0.855572 0.866025 0.832014 -0.00288377 0 0.00184681 -0.000489008 0 0.000231003 
-1.43463 -1.5 -1.45001 0.838957 0.866025 0.832179 0.0320786 0 0.00174896 -0.00240676 0 0.000268997 
-1.484 -1.5 -1.45021 0.85389 0.866025 0.832312 0.00133397 0 0.00169426 0.00142043 0 0.000292831 
-1.40437 -1.5 -1.45059 0.826412 0.866025 0.832593 0.0537727 0 0.00158078 -0.00394399 0 0.000340959 
-1.46341 -1.5 -1.45083 0.85417 0.866025 0.832824 0.0126509 0 0.00149834 -0.000390162 0 0.000374562 
-1.49153 -1.5 -1.45116 0.857928 0.866025 0.833038 -0.00393707 0 0.00137819 0.000679876 0 0.000412432 
-1.48985 -1.5 -1.45152 0.856839 0.866025 0.833256 0.000995485 0 0.00122211 0.00206482 0 0.000451704 
-1.48101 -1.5 -1.4519 0.851552 0.866025 0.833398 0.00450751 0 0.00106134 0.000758813 0 0.000488114 
-1.48853 -1.5 -1.45221 0.854025 0.866025 0.833588 0.000553627 0 0.000909239 0.000939662 0 0.000518362 
-1.48686 -1.5 -1.45238 0.852252 0.866025 0.833692 0.000288231 0 0.000827189 0.000329024 0 0.000533699 
-1.47433 -1.5 -1.45267 0.847838 0.866025 0.833964 0.00715157 0 0.000647226 -0.00044647 0 0.000561166 
-1.48292 -1.5 -1.45294 0.851444 0.866025 0.834165 0.00371987 0 0.000506122 0.00112571 0 0.000580949 
-1.4752 -1.5 -1.45308 0.849961 0.866025 0.834252 0.00769111 0 0.000439552 -0.000248357 0 0.000590877 
