2.33774 0.0449338 1.04678 0.00677695 
2.33774 0.0449338 1.04678 0.00677695 
2.31833 0.0259722 1.03981 0.000187627 
2.33675 0.0499191 1.04987 0.0100362 
2.30253 0.0127397 1.04403 0.00481248 
2.31806 0.0625475 1.06622 0.027737 
2.29327 0.0238561 1.03836 0.00329489 
2.29836 0.0251154 1.03472 0.00329687 
2.34365 0.0627976 1.0454 0.0172627 
2.33629 0.0655133 1.04536 0.0189148 
2.36636 0.103074 1.02779 0.0163188 
2.36253 0.106013 1.02776 0.0174956 
2.38915 0.151731 1.012 0.0229762 
2.38957 0.168415 1.00795 0.038838 
2.35912 0.156263 0.9643 0.0113539 
2.29667 0.134316 0.952516 0.0106135 
2.30383 0.13089 0.948169 0.0207991 
2.30861 0.142879 0.948197 0.0225195 
2.21338 0.10112 0.896922 0.0380927 
2.2011 0.0996337 0.896888 0.0405977 
2.16839 0.093107 0.86978 0.0345761 
2.1223 0.0848699 0.810101 0.0244716 
2.1482 0.1298 0.810178 0.0304058 
2.10027 0.110815 0.800994 0.0489387 
2.09776 0.11619 0.755746 0.0248569 
2.05607 0.101372 0.729531 0.0385915 
2.05692 0.113007 0.729532 0.0418499 
1.96767 0.0771685 0.646622 0.0291722 
1.93552 0.0639847 0.617662 0.0225357 
1.89119 0.0430614 0.585808 0.0199745 
1.87493 0.053565 0.578868 0.0307036 
1.86949 0.0692736 0.552671 0.0303981 
1.85286 0.0702624 0.53747 0.0358551 
1.81296 0.0708361 0.483196 0.0310896 
1.7561 0.0367566 0.436354 0.0283355 
1.73446 0.0537132 0.408133 0.0247701 
1.71417 0.0487003 0.379792 0.0255247 
1.6983 0.0685141 0.362811 0.0370782 
1.68728 0.0749245 0.324372 0.0310139 
1.66254 0.0714367 0.297087 0.0216618 
1.64708 0.0729126 0.284354 0.0290837 
1.6367 0.0691672 0.284383 0.0319136 
1.56686 0.0409848 0.247826 0.0235054 
1.53194 0.0283282 0.231721 0.0353757 
1.53519 0.0469185 0.217439 0.0336698 
1.53265 0.0493752 0.191523 0.0199292 
1.52913 0.0663173 0.190583 0.0325921 
1.49776 0.0337641 0.164798 0.0181414 
1.48119 0.0307083 0.164772 0.0229511 
1.44517 0.0194101 0.138282 0.0233801 
1.45095 0.0382654 0.133487 0.0289252 
1.42286 0.0321688 0.113548 0.0208425 
1.41702 0.0403245 0.103305 0.0237364 
1.37912 0.0345103 0.082435 0.0160005 
1.36448 0.03009 0.0698515 0.0102831 
1.34417 0.0314925 0.0630956 0.0152619 
1.31108 0.0335889 0.051324 0.0148331 
1.30885 0.0534955 0.0426145 0.0162782 
1.28461 0.0497939 0.0321176 0.0132178 
1.28949 0.0628261 0.0321156 0.0150517 
1.20885 0.0258375 0.00897063 0.0062682 
1.21064 0.0600285 0.00776079 0.0146671 
1.16861 0.04239 0.00344448 0.00992243 
1.12831 0.0286224 0.0113937 0.00769738 
1.11491 0.0427194 0.0157202 0.00956104 
1.11535 0.0507097 0.0157216 0.0114307 
1.04309 0.0253301 0.0250028 0.0062507 
1.04375 0.0260346 0.0250048 0.00798744 
1.00706 0.0279526 0.0337372 0.003729 
0.99401 0.0271719 0.0336614 0.00682023 
0.97709 0.0315403 0.0375751 0.00411822 
0.949176 0.0152119 0.0417418 0.00184432 
0.9368 0.0177602 0.0396994 0.00437317 
0.906347 0.0216214 0.0435287 0.000962688 
0.902619 0.0204169 0.0435266 0.00205388 
0.901168 0.0192681 0.0451006 0.00126098 
0.867424 0.0218278 0.0422795 0.0017726 
0.860669 0.00763617 0.0446981 0.00153385 
0.83959 0.021936 0.0455886 0.00238283 
0.830096 0.0173164 0.0416799 0.000719849 
0.833775 0.0115151 0.041676 0.0012871 
0.827055 0.0179277 0.0393119 0.000389663 
0.797444 0.0110741 0.0361122 0.000205083 
0.786038 0.00857523 0.0369502 0.00305868 
0.757803 0.0213105 0.0345046 0.00173657 
0.746959 0.0201912 0.0319934 0.00260854 
0.747485 0.0171345 0.0319931 0.00248123 
0.750574 0.00276362 0.0325267 0.00445593 
0.729715 0.0128692 0.0275021 0.00237915 
0.702973 0.0348111 0.0240581 0.000951807 
0.695913 0.0293283 0.0220809 0.000434296 
0.692802 0.0259465 0.0223277 0.00242261 
0.685338 0.0315853 0.0226434 0.00435607 
0.682699 0.021314 0.0170233 0.000220399 
0.683535 0.0139216 0.0170225 0.000502231 
0.661422 0.0236153 0.0140256 0.00187335 
0.662161 0.0205821 0.0140256 0.00202649 
0.658573 0.00324494 0.00939896 0.00127366 
0.640594 0.0103655 0.00809102 0.00142186 
0.642629 0.00512987 0.00809095 0.00167561 
0.644995 0.00121835 0.00809145 0.00193762 
0.633889 0.00473775 0.00922108 0.00569422 
0.634541 0.00638474 0.00922103 0.00585856 
0.611228 0.00788649 0.00213207 0.000921938 
0.580208 0.0342534 0.000625422 0.000371241 
0.581649 0.0240982 0.00105892 0.00228809 
0.564946 0.0342125 0.000887135 0.00139434 
0.550157 0.040248 0.00413697 0.000143212 
0.555252 0.0210051 0.00481145 0.000332121 
0.55711 0.0163295 0.00481196 0.000631827 
0.562525 0.00836209 0.00462717 0.00163668 
0.550056 0.0124999 0.00560917 0.000948138 
0.543607 0.0111579 0.00493332 0.0023987 
0.523182 0.0228268 0.00727823 0.000709457 
0.515059 0.0242877 0.00679075 0.0015302 
0.511582 0.0236552 0.00598948 0.00262402 
0.509805 0.0232481 0.00598893 0.00288552 
0.478202 0.0475805 0.00853084 0.000460335 
0.490937 0.0256937 0.0106664 0.00131465 
0.490588 0.0218437 0.00881415 0.000662876 
0.485189 0.0148731 0.00963393 1.65815e-05 
0.477773 0.016905 0.0107155 0.00109072 
0.470701 0.0258518 0.010957 0.00135263 
0.472573 0.0232681 0.0109546 0.00112813 
0.458656 0.0191247 0.0102745 0.00109575 
0.443744 0.0279111 0.0108187 0.00156515 
0.447898 0.0155898 0.0104925 0.0017234 
0.44825 0.0136231 0.0104923 0.00156065 
0.435637 0.0130103 0.00709118 0.00118504 
0.423063 0.0209127 0.00891755 0.000736302 
0.415233 0.0232764 0.00983917 0.00187915 
0.396863 0.035708 0.00755197 0.000188922 
0.395177 0.0358447 0.0075505 0.000127247 
0.388095 0.0383375 0.00868036 0.00138727 
0.376103 0.0480397 0.00690421 0.00051162 
0.362007 0.0563958 0.00782222 0.00170397 
0.364661 0.0483583 0.0078501 0.00198759 
0.395379 0.0142838 0.00552704 4.58241e-05 
0.404296 0.0180627 0.0031319 0.0021487 
0.407864 0.0193413 0.00313226 0.00215015 
0.389251 0.00666469 0.00266874 0.0023123 
0.37254 0.0182775 0.00517278 0.000890297 
0.361502 0.0224523 0.00465589 0.000825496 
0.350764 0.0351565 0.00215026 0.00139251 
0.346196 0.0319727 0.00383445 0.000547465 
0.331051 0.0416175 0.00234577 0.000615922 
0.331894 0.036763 0.00410538 0.00145821 
0.315097 0.0519172 0.000836321 0.00137619 
0.323096 0.0368092 0.00374045 0.0020416 
0.319468 0.0355826 0.00308537 0.00166688 
0.316534 0.0281024 0.00112085 0.000101431 
0.29782 0.0438482 0.00109985 0.00172256 
0.300435 0.038039 0.000115581 0.000541144 
0.301051 0.0349416 0.000774363 0.000461631 
0.299031 0.0323258 0.000734217 0.000729006 
0.302521 0.025136 0.00106567 0.000912557 
0.295633 0.0263686 0.00088543 0.000363098 
0.283581 0.0327205 0.000498598 0.0002351 
0.275951 0.0338564 0.00048694 0.000352281 
0.284431 0.0216708 6.96309e-05 0.000914041 
0.287491 0.0151059 9.27408e-05 0.00102102 
0.269892 0.0274898 0.000161864 0.00102147 
0.273953 0.0240721 0.00155757 0.000382579 
0.275338 0.0210931 0.00155772 0.000290728 
0.253531 0.0354824 0.000181222 0.00111762 
0.235216 0.0483076 0.00159137 0.00296762 
0.244746 0.0328925 0.000547762 0.000793313 
0.241845 0.0317253 0.00158094 0.000246456 
0.239785 0.0317805 0.00170053 0.000386015 
0.234701 0.0349839 0.00193865 0.000626817 
0.247413 0.0288307 0.000822148 0.000486538 
0.221798 0.0440037 0.000578161 0.000669103 
0.223143 0.0387439 0.000242248 0.0014597 
0.224467 0.0358146 0.00180583 0.000591064 
0.208196 0.0472425 0.000643415 0.000498681 
0.228565 0.0249871 0.00191375 0.000911906 
0.206403 0.0445417 0.00103046 5.55383e-05 
0.20405 0.0447995 0.000796555 0.000148809 
0.201473 0.0452359 0.000483332 0.000410791 
0.197313 0.0465177 0.00114134 0.00188794 
0.201367 0.0387375 0.000666594 0.00138302 
0.200923 0.0351421 0.00139434 0.000742484 
0.179995 0.0589552 0.00185964 0.00237869 
0.174637 0.0595845 0.00154402 0.00193709 
0.176043 0.0564264 0.00154398 0.00194473 
0.188858 0.0347328 2.70107e-05 0.000243499 
0.182775 0.0398991 0.000607054 0.000743769 
0.189574 0.0259613 4.21264e-05 0.000131508 
0.189574 0.0259613 4.21264e-05 0.000131508 
0.170369 0.0419886 0.000196885 0.000174268 
0.166926 0.0407363 0.00149244 0.00133409 
0.164793 0.0400126 0.000440453 0.000244326 
0.166045 0.039228 0.000102924 0.000349486 
0.150733 0.0531804 0.000719719 0.000974889 
0.154177 0.0442351 0.000274539 0.000603974 
0.153351 0.0448732 0.00024327 0.000580303 
0.148058 0.0453437 5.56227e-05 0.000367 
0.147669 0.0441499 0.000476129 0.00092857 
0.145734 0.0441923 0.000617309 0.00110647 
0.154109 0.0331513 0.000806337 0.000285201 
0.133149 0.0553988 0.000977734 0.00152484 
0.154829 0.0287175 0.000228331 0.000336076 
0.155451 0.0272608 0.000228509 0.000344547 
0.151953 0.0335435 0.000370151 0.000209879 
0.137695 0.0411803 0.0012577 0.000652167 
0.137283 0.040734 0.00125772 0.000644192 
0.138631 0.0362556 7.45509e-05 0.00055866 
0.130034 0.0482476 0.00113195 0.00049193 
0.137508 0.0322967 0.00163335 0.00227816 
0.125529 0.0460573 1.50471e-05 0.000660678 
0.133769 0.0330817 0.000842164 0.00148758 
0.0971365 0.0742765 0.00217568 0.00154481 
0.120005 0.0402598 0.00191706 0.00129409 
0.120417 0.0390548 0.00191687 0.00128243 
0.101221 0.0587504 0.000311623 0.000306151 
0.134536 0.0249625 4.98839e-05 0.000568734 
0.113876 0.0409301 0.00190096 0.00250784 
0.10833 0.0434327 0.000641449 5.51806e-05 
0.107603 0.0436798 0.000641159 4.52666e-05 
0.128861 0.0241076 0.000712258 0.00129162 
0.107356 0.0405304 9.58951e-05 0.000482381 
0.0943333 0.0552212 0.00153595 0.000968678 
0.109322 0.0355722 0.000351044 0.000209196 
0.108839 0.0354188 0.000350907 0.000217985 
0.109306 0.0319607 0.000751671 0.00130499 
0.102087 0.036192 0.000321751 0.000234275 
0.0674059 0.0828199 0.00146292 0.000910744 
0.0982287 0.0368276 0.00208096 0.00262046 
0.0954805 0.036577 0.00179736 0.00128116 
0.0964245 0.0345848 0.0017973 0.00127283 
0.0962909 0.033078 0.000857229 0.00135382 
0.102593 0.0306865 0.0022 0.00170971 
0.0819511 0.0445907 0.00332117 0.00283704 
0.0811745 0.0443666 0.00332171 0.00283157 
0.0906969 0.0345102 0.0023608 0.00188781 
0.0727984 0.0497443 0.0051057 0.0046511 
0.0671886 0.0549276 0.0046136 0.00417005 
0.0643652 0.0566946 0.00322768 0.00280275 
0.0899388 0.0306389 0.000794193 0.00120251 
0.0614579 0.0632891 0.0031967 0.00282631 
0.0749862 0.0438633 0.0038312 0.00348143 
0.0642999 0.0528888 5.30551e-05 0.000344538 
0.0716039 0.042316 0.000995627 0.000724207 
0.0650343 0.0483992 0.000693268 0.000470838 
0.0699889 0.0406395 0.000183828 2.4739e-05 
0.0795082 0.030041 0.000717117 0.000814537 
0.0841873 0.0246233 0.0010102 0.0010725 
0.0558453 0.0589524 0.00144938 0.0014492 
0.0762678 0.0321818 0.00295396 0.00300206 
0.0825179 0.0244087 0.000128438 4.2301e-05 
0.0773115 0.0294091 0.0019128 0.00203134 
0.0621529 0.0424301 0.000676078 0.000526315 
0.0581097 0.046057 3.20929e-05 0.000171419 
0.0623934 0.0411647 0.00106389 0.00131982 
0.0563061 0.0459023 0.000176559 0.000105465 
0.0818839 0.0259345 0.000878776 0.00121403 
0.057559 0.0430484 3.94785e-05 0.00039102 
0.0606656 0.0394069 0.00227379 0.00185844 
0.0595208 0.115071 0.000174201 0.000625205 
0.0594665 0.114724 0.000173973 0.000648248 
0.0404739 0.0580827 0.000464206 3.92611e-05 
0.0408605 0.0574738 0.000464194 6.59922e-05 
0.0488058 0.0458788 0.00112141 0.00166987 
0.049031 0.0454869 0.00112141 0.00169099 
0.0508273 0.0419701 0.00198287 0.00256793 
0.0573888 0.0349598 0.00132538 0.0019348 
0.0344337 0.0590481 0.00168131 0.00103215 
0.052584 0.0376494 0.000644427 0.00131538 
0.0473543 0.0445297 0.00285347 0.00353419 
0.0476107 0.0438266 0.00285363 0.00357268 
0.0437642 0.0461485 0.00130001 0.00202394 
0.0429508 0.0452403 0.00116124 0.0019151 
0.0388046 0.0508882 8.02627e-05 0.000685554 
0.0388438 0.0504573 8.02721e-05 0.000712569 
0.0274146 0.0635001 0.00206801 0.00288794 
0.036062 0.0495638 0.00183375 0.00267342 
0.0408468 0.0430928 0.00191736 0.00277552 
0.0396806 0.043751 0.00140346 0.00227782 
0.0358816 0.0470355 0.000865663 1.54822e-05 
0.0802695 0.0301993 0.00083807 0.00172538 
0.0274986 0.0618768 0.00204518 0.00293862 
0.0452919 0.0377516 0.00301997 0.00391739 
0.0257448 0.0572405 0.000164187 0.0010643 
0.0473441 0.0346308 0.00330857 0.00421407 
0.0509022 0.0336088 0.00108451 0.00199126 
0.0461973 0.0348802 0.0021024 0.00301289 
0.0463326 0.0345206 0.00210233 0.00301049 
0.028262 0.0852489 0.000759943 0.00167293 
0.0410335 0.0378863 3.75599e-05 0.000955361 
0.0410241 0.0370276 0.000506784 0.000410252 
0.0397493 0.0373418 0.00276935 0.00368202 
0.0611655 0.124573 0.00233458 0.00324676 
0.0185251 0.0603035 0.00166779 0.00258729 
0.098603 0.0450365 0.00388823 0.00297965 
0.0255985 0.0493835 0.00221006 0.00131382 
0.0328172 0.0416039 0.00203807 0.00113631 
0.0297492 0.0457823 0.00267196 0.00177464 
0.0295327 0.0457798 0.00267196 0.00178539 
0.0182066 0.0566461 0.000675208 0.000215104 
0.0204772 0.0533303 0.00241151 0.00328471 
0.0717138 0.0279276 0.00340684 0.00253899 
0.0324706 0.0402161 0.00196076 0.00109659 
0.0339945 0.0386962 0.00162109 0.000769412 
0.0289474 0.0429878 0.00233131 0.00148957 
0.0261041 0.0457612 0.00157785 0.000745437 
0.0215899 0.0515968 0.00166704 0.00086093 
0.0214535 0.0515503 0.00166707 0.000878188 
0.0532281 0.0258278 0.00266287 0.00188899 
0.0176288 0.0532192 0.00134097 0.000582786 
0.0178603 0.0528515 0.00134096 0.000601872 
0.0275071 0.041516 0.00209755 0.00140369 
0.0248997 0.0439324 0.00101499 0.000325237 
0.0195763 0.0510139 0.000300731 0.000328531 
0.0154091 0.057241 0.00101492 0.000443516 
0.0205345 0.0465398 0.000279131 0.000267614 
0.0194161 0.0481047 0.000801613 0.000303451 
0.0167325 0.0505169 0.000634126 0.000164582 
0.015223 0.0525824 0.00105428 0.000643305 
0.0161792 0.0499165 0.000949649 0.000608697 
0.0177892 0.0483907 0.00122269 0.0009121 
0.0428701 0.0268117 0.000546598 0.000289306 
0.0423703 0.026577 0.000356396 0.000136506 
0.0498539 0.0270824 0.00120091 0.00102787 
0.0736231 0.0335234 0.000721947 0.000575642 
0.0144355 0.050042 0.000613387 0.000682354 
0.0159193 0.0479881 0.000668577 0.000639328 
0.016529 0.046814 0.000168051 0.000167012 
0.0244678 0.0381887 0.00100348 0.00095902 
0.0241006 0.0384595 0.00103059 0.000930053 
0.0244197 0.0378662 0.00103065 0.000902785 
0.0139887 0.0494023 0.00127153 0.00145141 
0.017428 0.0438697 0.000489008 0.000720011 
0.0776842 0.034677 0.00240676 0.00267576 
0.0201223 0.040099 0.00142043 0.00112759 
0.116643 0.0699896 0.00394399 0.00428495 
0.0404878 0.0271704 0.000390162 0.000764724 
0.0123627 0.0477194 0.000679876 0.000267444 
0.0137285 0.0449985 0.00206482 0.00161312 
0.0242972 0.0344782 0.000758813 0.0002707 
0.0166083 0.041674 0.000939662 0.0004213 
0.0190375 0.0391638 0.000329024 0.000204675 
0.0322597 0.0265347 0.00044647 0.00100764 
0.0227617 0.0347579 0.00112571 0.000544759 
0.0305367 0.028076 0.000248357 0.000839235 
