40 
40 
40 
36 
35 
32 
30 
35 
37 
37 
43 
43 
35 
42 
32 
32 
36 
36 
37 
37 
32 
43 
43 
43 
37 
49 
49 
42 
46 
48 
47 
50 
48 
50 
58 
60 
54 
62 
62 
58 
62 
62 
58 
62 
74 
65 
62 
62 
62 
61 
60 
66 
66 
67 
65 
60 
63 
74 
76 
76 
69 
64 
72 
71 
68 
68 
65 
65 
65 
64 
66 
66 
68 
66 
66 
69 
64 
67 
68 
76 
76 
63 
71 
64 
68 
70 
70 
62 
66 
66 
58 
66 
67 
68 
68 
72 
72 
55 
66 
66 
66 
66 
66 
65 
64 
61 
67 
64 
64 
64 
67 
67 
64 
60 
70 
68 
68 
59 
61 
60 
64 
58 
65 
65 
59 
68 
67 
67 
52 
61 
61 
56 
56 
60 
57 
63 
63 
62 
57 
57 
59 
59 
60 
64 
66 
65 
64 
62 
73 
56 
57 
61 
62 
59 
59 
57 
59 
64 
65 
62 
62 
68 
61 
61 
60 
62 
56 
58 
58 
58 
59 
58 
60 
61 
61 
64 
62 
63 
61 
60 
61 
59 
62 
56 
56 
54 
58 
53 
53 
58 
55 
50 
54 
56 
60 
56 
60 
60 
58 
54 
58 
57 
57 
57 
57 
57 
57 
55 
58 
54 
61 
50 
57 
57 
55 
52 
56 
57 
57 
53 
54 
59 
56 
56 
51 
54 
55 
56 
52 
52 
56 
52 
53 
53 
57 
62 
58 
60 
64 
63 
60 
61 
58 
57 
51 
49 
50 
52 
45 
49 
47 
50 
56 
56 
56 
55 
57 
52 
57 
57 
47 
47 
54 
54 
52 
55 
61 
58 
59 
59 
57 
57 
56 
56 
56 
54 
53 
50 
53 
55 
55 
53 
54 
51 
55 
54 
54 
52 
52 
52 
54 
55 
51 
52 
53 
52 
50 
50 
53 
55 
53 
51 
53 
56 
54 
53 
53 
55 
56 
56 
59 
59 
58 
58 
57 
54 
58 
59 
58 
56 
60 
57 
57 
59 
57 
62 
58 
59 
64 
64 
60 
53 
54 
55 
53 
54 
51 
55 
55 
53 
54 
53 
53 
54 
