-0.490854 -6.66134e-16 -0.484367 -0.496822 -1.73205 -0.515159 -0.00490461 0 -2.79528e-08 -1.53831 0 -1.54 
-0.480919 -6.66134e-16 -0.484367 -0.480062 -1.73205 -0.515159 0.0140431 0 8.21818e-07 -1.53816 0 -1.54 
-0.472614 -6.66134e-16 -0.48428 -0.492042 -1.73205 -0.515243 0.00581742 0 0.000526673 -1.53773 0 -1.53984 
-0.466743 -6.66134e-16 -0.483972 -0.516506 -1.73205 -0.515538 -0.00771321 0 0.00107225 -1.53484 0 -1.53921 
-0.425338 -6.66134e-16 -0.483775 -0.524134 -1.73205 -0.515592 -0.00125736 0 0.000300058 -1.5379 0 -1.53782 
-0.381324 -6.66134e-16 -0.481869 -0.541901 -1.73205 -0.517661 0.0144329 0 0.00343149 -1.53401 0 -1.53511 
-0.315636 -6.66134e-16 -0.482906 -0.561043 -1.73205 -0.515431 0.024043 0 -0.000270673 -1.5276 0 -1.53101 
-0.284448 -6.66134e-16 -0.478896 -0.601313 -1.73205 -0.519122 0.014919 0 0.00235431 -1.52383 0 -1.52169 
-0.276119 -6.66134e-16 -0.474855 -0.611404 -1.73205 -0.520678 0.0274621 0 0.00259635 -1.51437 0 -1.5035 
-0.291317 -6.66134e-16 -0.468466 -0.597277 -1.73205 -0.527076 0.0208223 0 0.00435386 -1.51203 0 -1.48967 
-0.302325 -6.66134e-16 -0.471154 -0.581696 -1.73205 -0.521714 0.00750867 0 0.0026711 -1.49351 0 -1.48383 
-0.319595 -6.66134e-16 -0.462877 -0.574683 -1.73205 -0.530159 0.00696121 0 0.00434609 -1.49432 0 -1.46384 
-0.330128 -6.66134e-16 -0.459107 -0.568717 -1.73205 -0.533078 -0.0106116 0 0.00448925 -1.47951 0 -1.44785 
-0.32151 -6.66134e-16 -0.455093 -0.568723 -1.73205 -0.536509 -0.03086 0 0.00461335 -1.48935 0 -1.43025 
-0.308472 -6.66134e-16 -0.45097 -0.525367 -1.73205 -0.53987 -0.00389243 0 0.00448501 -1.43011 0 -1.40524 
-0.351122 -6.66134e-16 -0.441936 -0.553405 -1.73205 -0.549845 -0.052787 0 0.00487344 -1.41443 0 -1.3684 
-0.347155 -6.66134e-16 -0.435018 -0.516446 -1.73205 -0.557975 -0.0234735 0 0.00512505 -1.38963 0 -1.34225 
-0.341883 -6.66134e-16 -0.428975 -0.535187 -1.73205 -0.565348 -0.0235404 0 0.0051676 -1.37477 0 -1.31209 
-0.373569 -6.66134e-16 -0.428975 -0.51757 -1.73205 -0.565348 -0.0438189 0 0.0051676 -1.36545 0 -1.31209 
-0.343579 -6.66134e-16 -0.43429 -0.555224 -1.73205 -0.561564 -0.0378215 0 0.00440065 -1.3001 0 -1.25938 
-0.318292 -6.66134e-16 -0.419663 -0.568264 -1.73205 -0.580717 -0.0292112 0 0.00510347 -1.24908 0 -1.21763 
-0.31429 -6.66134e-16 -0.407515 -0.588475 -1.73205 -0.599365 -0.0319493 0 0.00559905 -1.21447 0 -1.15157 
-0.334709 -6.66134e-16 -0.398407 -0.583686 -1.73205 -0.615943 -0.0287789 0 0.00605698 -1.14837 0 -1.08488 
-0.386875 -6.66134e-16 -0.404057 -0.590616 -1.73205 -0.618687 -0.0328414 0 0.00646394 -1.08514 0 -1.03394 
-0.380255 -6.66134e-16 -0.384405 -0.599185 -1.73205 -0.643521 -0.0244061 0 0.00685633 -1.06974 0 -0.98041 
-0.432443 -6.66134e-16 -0.373171 -0.588198 -1.73205 -0.659378 -0.0275682 0 0.00713625 -1.01776 0 -0.937533 
-0.426352 -6.66134e-16 -0.377763 -0.606105 -1.73205 -0.665553 -0.019361 0 0.00769204 -0.948282 0 -0.884565 
-0.420585 -6.66134e-16 -0.35663 -0.647854 -1.73205 -0.690047 -0.0161066 0 0.00794398 -0.874912 0 -0.830501 
-0.416358 -6.66134e-16 -0.345328 -0.671691 -1.73205 -0.710121 -0.0126807 0 0.00850554 -0.851688 0 -0.760022 
-0.409498 -6.66134e-16 -0.33663 -0.698808 -1.73205 -0.72221 0.00785219 0 0.00877589 -0.772613 0 -0.721786 
-0.397352 -6.66134e-16 -0.33676 -0.705925 -1.73205 -0.737028 0.0280241 0 0.00964783 -0.699894 0 -0.64017 
-0.394624 -6.66134e-16 -0.316164 -0.73334 -1.73205 -0.75668 0.0113321 0 0.00983164 -0.667392 0 -0.591012 
-0.387929 -6.66134e-16 -0.309315 -0.766404 -1.73205 -0.770307 0.0065361 0 0.0102688 -0.600583 0 -0.533657 
-0.378403 -6.66134e-16 -0.312656 -0.78465 -1.73205 -0.776457 0.00554023 0 0.0106386 -0.534572 0 -0.490317 
-0.33936 -6.66134e-16 -0.293043 -0.806167 -1.73205 -0.79712 0.00354901 0 0.0108448 -0.479726 0 -0.425386 
-0.322079 -6.66134e-16 -0.269621 -0.811439 -1.73205 -0.815618 -0.00291714 0 0.0108738 -0.437524 0 -0.38063 
-0.300616 -6.66134e-16 -0.262335 -0.815795 -1.73205 -0.823867 -0.00116836 0 0.0109257 -0.419654 0 -0.353346 
-0.282754 -6.66134e-16 -0.258452 -0.808661 -1.73205 -0.83217 0.00624302 0 0.0109862 -0.366145 0 -0.318717 
-0.285066 -6.66134e-16 -0.242622 -0.807079 -1.73205 -0.841965 0.00617189 0 0.010953 -0.366139 0 -0.303837 
-0.269312 -6.66134e-16 -0.240575 -0.843755 -1.73205 -0.852137 -0.0155684 0 0.0109826 -0.308474 0 -0.258596 
-0.246934 -6.66134e-16 -0.233539 -0.855374 -1.73205 -0.864006 -0.00473361 0 0.0109561 -0.26056 0 -0.218787 
-0.236514 -6.66134e-16 -0.221076 -0.87879 -1.73205 -0.875474 -0.00736159 0 0.0109235 -0.236214 0 -0.192255 
-0.239396 -6.66134e-16 -0.210958 -0.897742 -1.73205 -0.889093 -0.00659294 0 0.010853 -0.195918 0 -0.154587 
-0.237726 -6.66134e-16 -0.188628 -0.896356 -1.73205 -0.906881 -0.00610506 0 0.0107831 -0.176075 0 -0.12328 
-0.217051 -6.66134e-16 -0.18095 -0.91267 -1.73205 -0.915441 -0.0143723 0 0.0107316 -0.140534 0 -0.104744 
-0.220378 -6.66134e-16 -0.169141 -0.910675 -1.73205 -0.923153 -0.0144947 0 0.0107254 -0.140533 0 -0.0958481 
-0.188497 -6.66134e-16 -0.165615 -0.929978 -1.73205 -0.932698 -0.0162381 0 0.0106425 -0.0999558 0 -0.0700996 
-0.192868 -6.66134e-16 -0.158109 -0.923411 -1.73205 -0.941351 -0.0164375 0 0.0106074 -0.100006 0 -0.054004 
-0.165356 -6.66134e-16 -0.14441 -0.946405 -1.73205 -0.958807 -0.0128764 0 0.0105477 -0.0483042 0 -0.0228948 
-0.165356 -6.66134e-16 -0.14441 -0.946405 -1.73205 -0.958807 -0.0128764 0 0.0105477 -0.0483042 0 -0.0228948 
-0.155483 -6.66134e-16 -0.13141 -0.981967 -1.73205 -0.978219 -0.00550262 0 0.0105117 -0.0203999 0 0.00927319 
-0.148982 -6.66134e-16 -0.113529 -0.99657 -1.73205 -0.994449 -0.00676976 0 0.0105624 -0.0132825 0 0.0279899 
-0.144631 -6.66134e-16 -0.11038 -1.00486 -1.73205 -1.00172 -0.000906624 0 0.0105659 0.00690688 0 0.0391185 
-0.126626 -6.66134e-16 -0.103333 -1.016 -1.73205 -1.00684 -0.00161604 0 0.0106034 0.0152395 0 0.0434111 
-0.103952 -6.66134e-16 -0.0991204 -1.02958 -1.73205 -1.0156 0.000449604 0 0.0106195 0.0435309 0 0.0550708 
-0.10185 -6.66134e-16 -0.0892588 -1.03125 -1.73205 -1.0231 0.000620877 0 0.0106811 0.0435285 0 0.0607486 
-0.102115 -6.66134e-16 -0.0792715 -1.0473 -1.73205 -1.03457 -0.00969118 0 0.0107473 0.0472701 0 0.071223 
-0.0778713 -6.66134e-16 -0.0779002 -1.05442 -1.73205 -1.0473 -0.0103182 0 0.010771 0.0784723 0 0.0848315 
-0.0767941 -6.66134e-16 -0.0707488 -1.0552 -1.73205 -1.05342 -0.0102353 0 0.0108222 0.0784724 0 0.0883896 
-0.0790564 -6.66134e-16 -0.067863 -1.05906 -1.73205 -1.06273 -0.0101569 0 0.0108624 0.0785227 0 0.0951455 
-0.0785214 -6.66134e-16 -0.0612332 -1.07258 -1.73205 -1.06884 -0.015253 0 0.0109094 0.0801122 0 0.0981407 
-0.0710314 -6.66134e-16 -0.0552669 -1.08571 -1.73205 -1.08679 -0.0037242 0 0.0109933 0.0938782 0 0.107065 
-0.0743843 -6.66134e-16 -0.0509175 -1.10137 -1.73205 -1.09425 -0.0034975 0 0.0110364 0.101816 0 0.109774 
-0.0722345 -6.66134e-16 -0.0471358 -1.11575 -1.73205 -1.10195 -0.00257771 0 0.0110817 0.106234 0 0.11214 
-0.0692533 -6.66134e-16 -0.0435387 -1.12707 -1.73205 -1.10953 -0.000745625 0 0.0111282 0.105772 0 0.114031 
-0.0631842 -6.66134e-16 -0.0372997 -1.1262 -1.73205 -1.12042 0.00555373 0 0.0112053 0.110308 0 0.116251 
-0.0606245 -6.66134e-16 -0.0328129 -1.12773 -1.73205 -1.12613 0.00573278 0 0.011253 0.110304 0 0.117364 
-0.0356992 -6.66134e-16 -0.034104 -1.15251 -1.73205 -1.13368 0.00699528 0 0.011287 0.113021 0 0.116762 
-0.0287785 -6.66134e-16 -0.0284493 -1.17234 -1.73205 -1.14551 0.00160651 0 0.0113636 0.114143 0 0.117025 
-0.0265601 -6.66134e-16 -0.0259581 -1.21228 -1.73205 -1.15254 -0.024871 0 0.0114004 0.117325 0 0.116455 
-0.0251773 -6.66134e-16 -0.0225241 -1.16843 -1.73205 -1.15825 0.000607167 0 0.011434 0.117219 0 0.116668 
-0.0328652 -6.66134e-16 -0.020611 -1.18083 -1.73205 -1.17135 -0.00636238 0 0.0115086 0.114575 0 0.112935 
-0.0433414 -6.66134e-16 -0.0166039 -1.20297 -1.73205 -1.18265 -0.0196865 0 0.0115555 0.113215 0 0.110973 
-0.0281408 -6.66134e-16 -0.0151649 -1.17833 -1.73205 -1.18927 0.00418671 0 0.0115813 0.112952 0 0.108902 
-0.0209863 -6.66134e-16 -0.0170001 -1.2146 -1.73205 -1.19177 0.00116867 0 0.0115932 0.109318 0 0.105377 
-0.0116849 -6.66134e-16 -0.0135512 -1.21137 -1.73205 -1.20424 0.00638221 0 0.0116287 0.108768 0 0.102009 
-0.00956196 -6.66134e-16 -0.0131627 -1.22733 -1.73205 -1.20943 -0.00132318 0 0.0116468 0.103354 0 0.0993604 
-0.000886407 -6.66134e-16 -0.0116772 -1.21648 -1.73205 -1.21918 0.00361674 0 0.0116795 0.100217 0 0.0955665 
-0.000730438 -6.66134e-16 -0.0108189 -1.2167 -1.73205 -1.22279 0.00364645 0 0.0116903 0.100217 0 0.094701 
-0.00690561 -6.66134e-16 -0.0118304 -1.23603 -1.73205 -1.22991 0.0024484 0 0.0117276 0.0969663 0 0.0892647 
-0.0045148 -6.66134e-16 -0.0130798 -1.25373 -1.73205 -1.23699 -0.000501205 0 0.0117639 0.0883132 0 0.0836055 
-0.0075566 -6.66134e-16 -0.013146 -1.27113 -1.73205 -1.24655 0.0015682 0 0.0117966 0.0830777 0 0.0787017 
0.00828014 -6.66134e-16 -0.0157959 -1.26244 -1.73205 -1.26091 0.0117795 0 0.0118291 0.0751851 0 0.0680353 
0.00465635 -6.66134e-16 -0.0168372 -1.31068 -1.73205 -1.26466 -0.0222419 0 0.011833 0.0726619 0 0.0648125 
-0.000455675 -6.66134e-16 -0.0186453 -1.28987 -1.73205 -1.27395 -0.00529142 0 0.011837 0.0686454 0 0.0583255 
-0.0202095 -6.66134e-16 -0.0201996 -1.29483 -1.73205 -1.28337 -0.00464414 0 0.0118366 0.0584769 0 0.0524409 
-0.0234032 -6.66134e-16 -0.0210688 -1.28259 -1.73205 -1.28796 0.00167165 0 0.0118302 0.0570218 0 0.0495122 
-0.030803 -6.66134e-16 -0.0232534 -1.33094 -1.73205 -1.29456 -0.0165432 0 0.0118268 0.0540915 0 0.0440997 
-0.0284648 -6.66134e-16 -0.0248304 -1.31877 -1.73205 -1.30007 -0.00296704 0 0.0118225 0.0480877 0 0.0400745 
-0.0167382 -6.66134e-16 -0.0264879 -1.33852 -1.73205 -1.30539 -0.00144602 0 0.0118216 0.0470301 0 0.0361116 
-0.0120431 -6.66134e-16 -0.0281069 -1.32213 -1.73205 -1.30993 0.00832239 0 0.0118208 0.0399276 0 0.0325298 
-0.0174197 -6.66134e-16 -0.0299866 -1.34149 -1.73205 -1.31464 0.00569139 0 0.011822 0.0386602 0 0.028635 
-0.033461 -6.66134e-16 -0.0321976 -1.35077 -1.73205 -1.31694 0.00375628 0 0.0118303 0.029642 0 0.0252371 
-0.0265778 -6.66134e-16 -0.0343197 -1.35189 -1.73205 -1.32548 0.00578382 0 0.0118319 0.0278131 0 0.0199002 
-0.0273697 -6.66134e-16 -0.0358432 -1.33857 -1.73205 -1.32967 0.00631725 0 0.0118355 0.0257116 0 0.0167448 
-0.0337268 -6.66134e-16 -0.0373614 -1.36302 -1.73205 -1.33441 0.00184055 0 0.0118393 0.0224229 0 0.0134177 
-0.0398913 -6.66134e-16 -0.0387987 -1.36183 -1.73205 -1.33911 0.00340739 0 0.011841 0.0153208 0 0.0102131 
-0.0392041 -6.66134e-16 -0.0413253 -1.37855 -1.73205 -1.34416 -0.00137997 0 0.0118394 0.0105286 0 0.00594749 
-0.0333448 -6.66134e-16 -0.0426091 -1.36486 -1.73205 -1.3524 0.00336902 0 0.0118255 0.0054119 0 0.00159385 
-0.0382691 -6.66134e-16 -0.0449367 -1.38179 -1.73205 -1.35735 0.00208231 0 0.0118073 0.00328382 0 -0.00208991 
-0.035083 -6.66134e-16 -0.0462975 -1.37269 -1.73205 -1.36027 0.00564479 0 0.0117952 0.00159924 0 -0.00413336 
-0.0443456 -6.66134e-16 -0.048003 -1.39266 -1.73205 -1.36477 -0.00282066 0 0.0117764 -0.00348069 0 -0.00687945 
-0.0570562 -6.66134e-16 -0.0484567 -1.38745 -1.73205 -1.37397 -0.000125636 0 0.0117451 -0.00569489 0 -0.0106263 
-0.0597874 -6.66134e-16 -0.049998 -1.41071 -1.73205 -1.38101 -0.00314909 0 0.0117117 -0.0115644 0 -0.0138685 
-0.0571635 -6.66134e-16 -0.0507868 -1.40055 -1.73205 -1.38409 0.00375275 0 0.0116948 -0.012247 0 -0.0152376 
-0.0545684 -6.66134e-16 -0.052439 -1.41478 -1.73205 -1.38944 0.00403482 0 0.0116636 -0.0136685 0 -0.0175223 
-0.062083 -6.66134e-16 -0.0530808 -1.43022 -1.73205 -1.39281 0.00178524 0 0.0116456 -0.0166075 0 -0.0187425 
-0.0612929 -6.66134e-16 -0.0535797 -1.42266 -1.73205 -1.3988 0.00826095 0 0.0116184 -0.0177948 0 -0.0206301 
-0.0603491 -6.66134e-16 -0.0543588 -1.43078 -1.73205 -1.40189 0.00700572 0 0.0116014 -0.0178973 0 -0.0216194 
-0.0602514 -6.66134e-16 -0.0541981 -1.41139 -1.73205 -1.4044 0.0232712 0 0.0115935 -0.0181123 0 -0.0222613 
-0.0584984 -6.66134e-16 -0.0556957 -1.43167 -1.73205 -1.40761 0.0114288 0 0.0115682 -0.0227418 0 -0.0231969 
-0.0541529 -6.66134e-16 -0.0561839 -1.45079 -1.73205 -1.41313 0.00385467 0 0.0115273 -0.0224521 0 -0.0243041 
-0.0492343 -6.66134e-16 -0.0566677 -1.43981 -1.73205 -1.41776 0.00568775 0 0.0114679 -0.0241857 0 -0.0248928 
-0.0604242 -6.66134e-16 -0.0553963 -1.45244 -1.73205 -1.42294 -0.00367568 0 0.011402 -0.0251782 0 -0.0253214 
-0.0602253 -6.66134e-16 -0.0554904 -1.45594 -1.73205 -1.42509 -0.00339963 0 0.0113714 -0.0243266 0 -0.0253589 
-0.0641757 -6.66134e-16 -0.0553126 -1.46097 -1.73205 -1.42766 -0.00774163 0 0.0113377 -0.0246376 0 -0.0253573 
-0.0611781 -6.66134e-16 -0.0551098 -1.4473 -1.73205 -1.43018 4.37087e-05 0 0.0113028 -0.0247641 0 -0.0252855 
-0.0619782 -6.66134e-16 -0.0548989 -1.44608 -1.73205 -1.43262 -9.24265e-05 0 0.0112676 -0.0247666 0 -0.0251431 
-0.0528042 -6.66134e-16 -0.0546892 -1.45367 -1.73205 -1.43498 0.00714065 0 0.0112356 -0.0239988 0 -0.0249298 
-0.0473961 -6.66134e-16 -0.054528 -1.4657 -1.73205 -1.43915 0.00620615 0 0.0111828 -0.0265544 0 -0.0243109 
-0.0398314 -6.66134e-16 -0.0535549 -1.47783 -1.73205 -1.44209 0.000506084 0 0.0111537 -0.0239105 0 -0.023942 
-0.0381222 -6.66134e-16 -0.055121 -1.49264 -1.73205 -1.44264 -0.0101125 0 0.011142 -0.0257061 0 -0.023427 
-0.0406024 -6.66134e-16 -0.0543673 -1.46952 -1.73205 -1.44727 -0.000192495 0 0.0110968 -0.0235217 0 -0.0224578 
-0.0422549 -6.66134e-16 -0.0524837 -1.46982 -1.73205 -1.45131 -0.000351989 0 0.0110697 -0.0235197 0 -0.0218019 
-0.0511052 -6.66134e-16 -0.0522472 -1.48842 -1.73205 -1.45396 -0.00760544 0 0.011054 -0.0235833 0 -0.0210584 
-0.0564048 -6.66134e-16 -0.0531143 -1.47665 -1.73205 -1.45709 0.000827349 0 0.0110298 -0.0227705 0 -0.019796 
-0.0498532 -6.66134e-16 -0.0502526 -1.49974 -1.73205 -1.46173 -0.012285 0 0.0110207 -0.0185535 0 -0.0189964 
-0.0546491 -6.66134e-16 -0.0505746 -1.49714 -1.73205 -1.46531 -0.00247731 0 0.0110032 -0.0131656 0 -0.0175587 
-0.0475746 -6.66134e-16 -0.0488372 -1.49214 -1.73205 -1.47095 -0.000369282 0 0.0110051 -0.0206818 0 -0.015871 
-0.0508099 -6.66134e-16 -0.047835 -1.49041 -1.73205 -1.47392 -0.000682483 0 0.0110121 -0.0206816 0 -0.0149792 
-0.0492356 -6.66134e-16 -0.046897 -1.50368 -1.73205 -1.4768 -0.00428826 0 0.0110216 -0.0167265 0 -0.0140804 
-0.0492527 -6.66134e-16 -0.0460322 -1.50233 -1.73205 -1.47955 0.000251962 0 0.0110345 -0.0160833 0 -0.0131782 
-0.0477565 -6.66134e-16 -0.0455524 -1.51469 -1.73205 -1.48182 -0.000726328 0 0.0110476 -0.0125098 0 -0.0123407 
-0.0474618 -6.66134e-16 -0.0440163 -1.51487 -1.73205 -1.48352 -0.000697779 0 0.0110571 -0.0125098 0 -0.012023 
-0.0504288 -6.66134e-16 -0.0449251 -1.52137 -1.73205 -1.4862 0.00346013 0 0.0110789 -0.0141009 0 -0.0105821 
-0.047732 -6.66134e-16 -0.0440562 -1.53147 -1.73205 -1.48842 0.00202107 0 0.0110976 -0.0104037 0 -0.0098011 
-0.0469958 -6.66134e-16 -0.0439768 -1.56023 -1.73205 -1.49007 -0.0156833 0 0.011114 -0.0101105 0 -0.00905575 
-0.0443082 -6.66134e-16 -0.0440504 -1.53348 -1.73205 -1.49302 0.00421372 0 0.0111451 -0.0104291 0 -0.00766069 
-0.0409614 -6.66134e-16 -0.042815 -1.53463 -1.73205 -1.49577 0.00273642 0 0.011169 -0.0078592 0 -0.00669762 
-0.038825 -6.66134e-16 -0.0423481 -1.53839 -1.73205 -1.4977 -0.00210624 0 0.0111866 -0.00832628 0 -0.00593858 
-0.0443541 -6.66134e-16 -0.0427174 -1.52931 -1.73205 -1.5001 0.00057898 0 0.0112161 -0.00740655 0 -0.00477834 
-0.0414861 -6.66134e-16 -0.041009 -1.53089 -1.73205 -1.50387 0.000369611 0 0.0112444 -0.00442121 0 -0.00361124 
-0.0408831 -6.66134e-16 -0.0408647 -1.53508 -1.73205 -1.50614 0.00252076 0 0.0112616 -0.00288428 0 -0.00271076 
-0.0446739 -6.66134e-16 -0.0389131 -1.58278 -1.73205 -1.51088 -0.0187278 0 0.0112759 0.0020178 0 -0.00132708 
-0.0348214 -6.66134e-16 -0.0373171 -1.54003 -1.73205 -1.51395 -0.000329411 0 0.0112791 -0.0024099 0 -0.000569528 
-0.0388144 -6.66134e-16 -0.0366103 -1.53648 -1.73205 -1.51602 0.00200654 0 0.0112814 -0.000821557 0 -4.59347e-06 
-0.0382565 -6.66134e-16 -0.0367961 -1.54722 -1.73205 -1.51804 -0.00184978 0 0.0112846 -0.000251203 0 0.000699023 
-0.037112 -6.66134e-16 -0.0346011 -1.53745 -1.73205 -1.52208 0.00473244 0 0.0112929 0.00112302 0 0.0015189 
-0.0292839 -6.66134e-16 -0.0340013 -1.55646 -1.73205 -1.52402 0.000952868 0 0.0112992 0.00345721 0 0.00197007 
-0.0266118 -6.66134e-16 -0.0327774 -1.56844 -1.73205 -1.52772 -0.00289145 0 0.0113107 0.00259549 0 0.00275025 
-0.0279835 -6.66134e-16 -0.0322075 -1.58568 -1.73205 -1.52996 -0.00799332 0 0.0113182 0.0011369 0 0.00319095 
-0.0288403 -6.66134e-16 -0.0310364 -1.5851 -1.73205 -1.53139 -0.00809502 0 0.0113228 0.00113542 0 0.00336501 
-0.0206489 -6.66134e-16 -0.0316181 -1.50401 -1.73205 -1.53336 0.033501 0 0.0113337 0.00152892 0 0.00380398 
-0.0332524 -6.66134e-16 -0.0312627 -1.5827 -1.73205 -1.53517 -0.004233 0 0.0113428 0.00631781 0 0.00408814 
-0.0265521 -6.66134e-16 -0.0306334 -1.57486 -1.73205 -1.53865 -8.87971e-05 0 0.0113623 0.0052812 0 0.00457862 
-0.0275304 -6.66134e-16 -0.0303379 -1.57089 -1.73205 -1.54035 0.00559116 0 0.0113694 0.0026372 0 0.00478611 
-0.0260187 -6.66134e-16 -0.0297429 -1.56622 -1.73205 -1.54367 0.00786581 0 0.0113811 0.00318531 0 0.00513006 
-0.0308819 -6.66134e-16 -0.0294347 -1.56266 -1.73205 -1.5453 0.0103994 0 0.0113848 0.00270781 0 0.00526707 
-0.0303305 -6.66134e-16 -0.0291178 -1.58708 -1.73205 -1.54689 -0.000729427 0 0.0113874 0.00515918 0 0.00538153 
-0.0312387 -6.66134e-16 -0.0282896 -1.58575 -1.73205 -1.55026 0.00324685 0 0.0113863 0.00478252 0 0.00555796 
-0.0254047 -6.66134e-16 -0.0276222 -1.59183 -1.73205 -1.55123 0.00134897 0 0.0113885 0.00638341 0 0.00559976 
-0.0315781 -6.66134e-16 -0.0277727 -1.59158 -1.73205 -1.55305 0.00130885 0 0.0113747 0.00461098 0 0.00562977 
-0.0259416 -6.66134e-16 -0.0270667 -1.58149 -1.73205 -1.55606 0.00728202 0 0.0113572 0.00803882 0 0.00564079 
-0.0259405 -6.66134e-16 -0.0267074 -1.59576 -1.73205 -1.55756 0.000383175 0 0.0113464 0.00646861 0 0.00562085 
-0.0251199 -6.66134e-16 -0.0262034 -1.58235 -1.73205 -1.5607 0.00544372 0 0.0113121 0.00506555 0 0.00549356 
-0.0286643 -6.66134e-16 -0.0252091 -1.60858 -1.73205 -1.56358 -0.00413979 0 0.0112865 0.00564074 0 0.00538129 
-0.0258813 -6.66134e-16 -0.0248363 -1.60373 -1.73205 -1.5651 -0.00821994 0 0.0112688 0.00651495 0 0.00528607 
-0.0227623 -6.66134e-16 -0.0244815 -1.59748 -1.73205 -1.5666 0.00047955 0 0.0112504 0.0048822 0 0.00517911 
-0.0240663 -6.66134e-16 -0.0237642 -1.59669 -1.73205 -1.56786 0.000338485 0 0.0112448 0.00488191 0 0.00515456 
-0.026236 -6.66134e-16 -0.0234641 -1.6153 -1.73205 -1.5693 -0.00710698 0 0.0112272 0.00668386 0 0.00503232 
-0.0261326 -6.66134e-16 -0.0235845 -1.60768 -1.73205 -1.57092 -0.00159043 0 0.0112005 0.00474514 0 0.00479808 
-0.0243345 -6.66134e-16 -0.0231427 -1.60211 -1.73205 -1.57357 0.0027717 0 0.0111754 0.00388471 0 0.00450579 
-0.0230165 -6.66134e-16 -0.0229665 -1.60765 -1.73205 -1.57483 0.00227784 0 0.0111661 0.00575181 0 0.00435064 
-0.0234553 -6.66134e-16 -0.0228134 -1.62016 -1.73205 -1.57603 -0.000351969 0 0.0111583 0.00358538 0 0.00418996 
-0.021713 -6.66134e-16 -0.0226773 -1.61377 -1.73205 -1.57721 0.00222716 0 0.0111521 0.00463833 0 0.00402452 
-0.0255816 -6.66134e-16 -0.0224592 -1.64549 -1.73205 -1.57855 -0.0110075 0 0.0111473 0.00490148 0 0.00384441 
-0.0248433 -6.66134e-16 -0.0220842 -1.64599 -1.73205 -1.57929 -0.0109172 0 0.0111476 0.00490167 0 0.00380092 
-0.0181511 -6.66134e-16 -0.0221432 -1.64286 -1.73205 -1.58102 -0.00950584 0 0.0111413 0.00228828 0 0.00348125 
-0.0143283 -6.66134e-16 -0.0223575 -1.64557 -1.73205 -1.58188 -0.0144007 0 0.011136 0.00292904 0 0.00327502 
-0.0187649 -6.66134e-16 -0.0218892 -1.6458 -1.73205 -1.58281 -0.00983154 0 0.0111401 0.00425618 0 0.00321369 
-0.0164339 -6.66134e-16 -0.0219717 -1.62202 -1.73205 -1.58411 0.00250424 0 0.0111392 0.00516841 0 0.00295476 
-0.0206764 -6.66134e-16 -0.0218265 -1.65104 -1.73205 -1.5853 -0.0134829 0 0.0111458 0.00624675 0 0.00276775 
-0.0151837 -6.66134e-16 -0.02166 -1.62847 -1.73205 -1.58652 -0.00148216 0 0.0111575 0.00545418 0 0.00257984 
-0.0156913 -6.66134e-16 -0.0214712 -1.64677 -1.73205 -1.58777 -0.00992359 0 0.0111734 0.00431792 0 0.00239108 
-0.0185781 -6.66134e-16 -0.0216163 -1.6287 -1.73205 -1.58927 -0.00438683 0 0.0111946 0.00438851 0 0.00208174 
-0.0169407 -6.66134e-16 -0.0207844 -1.63457 -1.73205 -1.59172 -0.0034485 0 0.0112445 0.00244123 0 0.00182093 
-0.0142646 -6.66134e-16 -0.0205267 -1.61808 -1.73205 -1.59309 0.00265196 0 0.0112752 0.00323994 0 0.00163126 
-0.0153515 -6.66134e-16 -0.0202626 -1.61749 -1.73205 -1.59449 0.00252557 0 0.0113091 0.0032382 0 0.00144221 
-0.0201381 -6.66134e-16 -0.0199961 -1.64036 -1.73205 -1.59589 -0.0068422 0 0.0113446 0.00125835 0 0.00125439 
-0.0179742 -6.66134e-16 -0.019733 -1.63333 -1.73205 -1.59729 -0.00450291 0 0.0113808 7.71623e-05 0 0.00106834 
-0.0183274 -6.66134e-16 -0.0190936 -1.63296 -1.73205 -1.59844 -0.00457067 0 0.0114103 7.68351e-05 0 0.000994561 
-0.00932362 -6.66134e-16 -0.0192368 -1.63217 -1.73205 -1.60007 -0.000886601 0 0.0114507 -0.000438217 0 0.000702986 
-0.00947958 -6.66134e-16 -0.0190085 -1.63998 -1.73205 -1.60144 -0.00102692 0 0.0114847 0.00379247 0 0.000524972 
-0.0109602 -6.66134e-16 -0.0187931 -1.63973 -1.73205 -1.60281 0.000233533 0 0.0115182 0.000158283 0 0.00035129 
-0.00916548 -6.66134e-16 -0.01893 -1.63337 -1.73205 -1.60439 0.00524228 0 0.0115578 0.00019768 0 0.000106218 
-0.0130068 -6.66134e-16 -0.018197 -1.6519 -1.73205 -1.60694 -0.00568627 0 0.0116133 0.00247858 0 -0.000139296 
-0.00565535 -6.66134e-16 -0.0184497 -1.59246 -1.73205 -1.60859 0.0266481 0 0.011649 0.000243005 0 -0.000373677 
-0.0116332 -6.66134e-16 -0.0174691 -1.64466 -1.73205 -1.61135 0.000922265 0 0.0116898 -0.00494276 0 -0.00058535 
-0.0133803 -6.66134e-16 -0.0171974 -1.6463 -1.73205 -1.6139 -0.000597132 0 0.0117202 -0.00383324 0 -0.000827953 
-0.0188463 -6.66134e-16 -0.017007 -1.66168 -1.73205 -1.61526 -0.00750898 0 0.0117286 -0.0014396 0 -0.000944252 
-0.019994 -6.66134e-16 -0.0168294 -1.64584 -1.73205 -1.61658 0.00123861 0 0.0117319 -0.00119621 0 -0.00105303 
-0.0225761 -6.66134e-16 -0.0162045 -1.65355 -1.73205 -1.61865 -0.00159037 0 0.0117286 0.000175607 0 -0.00118752 
-0.0253213 -6.66134e-16 -0.0165969 -1.66543 -1.73205 -1.61985 -0.00103834 0 0.0117227 -0.00217836 0 -0.00131664 
-0.0165132 -6.66134e-16 -0.0163628 -1.65803 -1.73205 -1.62113 0.00142326 0 0.011712 0.00218429 0 -0.00140186 
-0.0197626 -6.66134e-16 -0.016062 -1.65943 -1.73205 -1.62247 0.00632755 0 0.0116968 -0.000844522 0 -0.00148386 
-0.0195218 -6.66134e-16 -0.0157036 -1.65969 -1.73205 -1.62309 0.00637704 0 0.01169 -0.000844651 0 -0.00150691 
-0.0185891 -6.66134e-16 -0.0156157 -1.64774 -1.73205 -1.62415 0.0123798 0 0.011671 0.00154957 0 -0.00157544 
-0.0151179 -6.66134e-16 -0.0160141 -1.65708 -1.73205 -1.6253 0.00608561 0 0.0116312 -0.000128015 0 -0.00166353 
-0.017711 -6.66134e-16 -0.0156287 -1.66392 -1.73205 -1.6265 0.0055075 0 0.0115967 4.09006e-05 0 -0.00171023 
-0.0167943 -6.66134e-16 -0.0159045 -1.65705 -1.73205 -1.62659 0.00754724 0 0.0115821 0.0016821 0 -0.00172012 
-0.0150475 -6.66134e-16 -0.0155291 -1.6581 -1.73205 -1.62769 0.00774916 0 0.0115383 0.0016818 0 -0.00175251 
-0.0133723 -6.66134e-16 -0.0154131 -1.66302 -1.73205 -1.62842 0.00669298 0 0.0114953 -0.000176083 0 -0.00176941 
-0.0136995 -6.66134e-16 -0.0150541 -1.65592 -1.73205 -1.62898 0.00988395 0 0.0114748 -0.000937901 0 -0.00177918 
-0.014059 -6.66134e-16 -0.0150387 -1.6687 -1.73205 -1.62959 0.00293999 0 0.0114254 -0.00233089 0 -0.00178568 
-0.0152357 -6.66134e-16 -0.0150529 -1.68235 -1.73205 -1.63019 -0.00632835 0 0.0113657 -0.00191952 0 -0.00178444 
-0.0153536 -6.66134e-16 -0.0150989 -1.70784 -1.73205 -1.63079 -0.0199345 0 0.0112916 -0.00437003 0 -0.00177313 
-0.0111456 -6.66134e-16 -0.0146784 -1.69411 -1.73205 -1.63197 -0.0111753 0 0.011187 -0.00248992 0 -0.0017581 
-0.0118127 -6.66134e-16 -0.0143622 -1.6754 -1.73205 -1.63271 -0.00190343 0 0.0111284 -0.00254198 0 -0.00174585 
-0.0121904 -6.66134e-16 -0.0140992 -1.67519 -1.73205 -1.63309 -0.00194301 0 0.0111127 -0.00254179 0 -0.00174543 
-0.00913493 -6.66134e-16 -0.0139487 -1.64644 -1.73205 -1.63372 0.00697606 0 0.0110508 -0.00126934 0 -0.00172113 
-0.00987091 -6.66134e-16 -0.0138453 -1.67608 -1.73205 -1.63436 -0.00225205 0 0.0109881 -0.00124257 0 -0.0016878 
-0.0156655 -6.66134e-16 -0.0136394 -1.67186 -1.73205 -1.635 -0.000823776 0 0.0109417 -0.00155946 0 -0.00165912 
-0.0162372 -6.66134e-16 -0.0131809 -1.67153 -1.73205 -1.63563 -0.000884555 0 0.0109234 -0.00155937 0 -0.00165251 
-0.0136223 -6.66134e-16 -0.0133281 -1.65975 -1.73205 -1.63626 0.00609022 0 0.0108494 -0.000461067 0 -0.00158074 
-0.0129954 -6.66134e-16 -0.0130266 -1.66216 -1.73205 -1.63687 0.00649497 0 0.0108213 0.000276135 0 -0.00155424 
-0.0124917 -6.66134e-16 -0.0129242 -1.65908 -1.73205 -1.63748 0.00811712 0 0.0107796 -0.00037384 0 -0.00150169 
-0.0100284 -6.66134e-16 -0.0124312 -1.64661 -1.73205 -1.63864 0.0165564 0 0.0107253 -0.00203983 0 -0.00142696 
-0.00979295 -6.66134e-16 -0.0122308 -1.64671 -1.73205 -1.63922 0.0165673 0 0.0106965 -0.00204095 0 -0.00138084 
-0.0136704 -6.66134e-16 -0.0120277 -1.66752 -1.73205 -1.6398 0.00600338 0 0.0106687 -0.000876753 0 -0.00133345 
-0.0127567 -6.66134e-16 -0.0118229 -1.66556 -1.73205 -1.64038 0.00595729 0 0.0106422 0.00168654 0 -0.00128494 
-0.0131903 -6.66134e-16 -0.0113983 -1.66513 -1.73205 -1.64092 0.00587618 0 0.0106297 0.00168654 0 -0.00126985 
-0.0149978 -6.66134e-16 -0.0114204 -1.64298 -1.73205 -1.64152 0.0170377 0 0.0105885 -0.000788186 0 -0.00118473 
-0.0137488 -6.66134e-16 -0.0112319 -1.61629 -1.73205 -1.64208 0.0311776 0 0.0105613 6.07209e-05 0 -0.00113392 
-0.0137228 -6.66134e-16 -0.0108449 -1.61622 -1.73205 -1.64258 0.031163 0 0.010547 6.0601e-05 0 -0.00111861 
-0.0112786 -6.66134e-16 -0.010895 -1.68268 -1.73205 -1.64313 -0.000532851 0 0.0105051 -0.00223996 0 -0.00103368 
-0.00322159 -6.66134e-16 -0.0107461 -1.66528 -1.73205 -1.64363 0.00695351 0 0.0104751 -0.0012004 0 -0.000985 
-0.00965449 -6.66134e-16 -0.010807 -1.68416 -1.73205 -1.64413 0.000319665 0 0.0104289 0.000680509 0 -0.000903964 
-0.00633861 -6.66134e-16 -0.010321 -1.67747 -1.73205 -1.64507 0.00308642 0 0.0103727 -0.00101888 0 -0.000851145 
-0.00282404 -6.66134e-16 -0.0102508 -1.73367 -1.73205 -1.64556 -0.02477 0 0.0103372 -0.00327628 0 -0.000798988 
0.00135487 -6.66134e-16 -0.0101548 -1.66529 -1.73205 -1.64606 0.00620404 0 0.0103053 0.000222996 0 -0.000754496 
0.00114583 -6.66134e-16 -0.0100153 -1.66152 -1.73205 -1.64668 0.0068149 0 0.0102687 -0.00018083 0 -0.000708589 
0.000141749 -6.66134e-16 -0.0100121 -1.65991 -1.73205 -1.64712 0.00690534 0 0.0102455 -0.000990318 0 -0.000667624 
0.00193396 -6.66134e-16 -0.00996532 -1.67916 -1.73205 -1.64767 -0.00100645 0 0.01022 -0.00138909 0 -0.000624496 
0.0019032 -6.66134e-16 -0.00967717 -1.67931 -1.73205 -1.64817 -0.000979153 0 0.0101955 -0.00138912 0 -0.000613173 
0.000328038 -6.66134e-16 -0.00991055 -1.65765 -1.73205 -1.64881 0.0110391 0 0.0101758 -0.000775777 0 -0.00053905 
0.000158243 -6.66134e-16 -0.009898 -1.65779 -1.73205 -1.64939 0.0110511 0 0.0101565 -0.000775801 0 -0.000497048 
-0.00325971 -6.66134e-16 -0.00989346 -1.67292 -1.73205 -1.64998 0.00319417 0 0.0101395 -0.00195256 0 -0.000455599 
-0.000975552 -6.66134e-16 -0.0101257 -1.6673 -1.73205 -1.65065 0.00734638 0 0.0101233 -0.00108764 0 -0.000392212 
-0.000807314 -6.66134e-16 -0.00984475 -1.66738 -1.73205 -1.65115 0.00736266 0 0.0101082 -0.00108766 0 -0.000380696 
-0.000782695 -6.66134e-16 -0.00991294 -1.67092 -1.73205 -1.65177 0.00645851 0 0.0100902 -0.0011412 0 -0.000336153 
0.00134258 -6.66134e-16 -0.0102194 -1.68753 -1.73205 -1.65248 0.00147933 0 0.0100659 0.00128726 0 -0.000272522 
0.000486382 -6.66134e-16 -0.00994974 -1.68771 -1.73205 -1.6536 0.00144083 0 0.0100295 0.00128747 0 -0.000226353 
-0.0105628 -6.66134e-16 -0.00995884 -1.6852 -1.73205 -1.6542 0.00364424 0 0.010007 0.00110336 0 -0.000192323 
-0.00477718 -6.66134e-16 -0.0099627 -1.69169 -1.73205 -1.65479 0.0027935 0 0.00998436 -0.000822759 0 -0.000159528 
-0.00911613 -6.66134e-16 -0.00995871 -1.70114 -1.73205 -1.65537 -0.00200897 0 0.00996162 -0.00189693 0 -0.000128318 
-0.00802362 -6.66134e-16 -0.0099453 -1.68363 -1.73205 -1.65594 0.00655268 0 0.00993855 0.000833723 0 -9.8883e-05 
-0.012223 -6.66134e-16 -0.00992068 -1.69749 -1.73205 -1.65648 -0.000262919 0 0.00991615 0.000454072 0 -7.10644e-05 
-0.0115023 -6.66134e-16 -0.0098327 -1.69819 -1.73205 -1.65753 0.00141972 0 0.0098721 0.000689348 0 -1.88951e-05 
-0.0115023 -6.66134e-16 -0.0098327 -1.69819 -1.73205 -1.65753 0.00141972 0 0.0098721 0.000689348 0 -1.88951e-05 
-0.0117958 -6.66134e-16 -0.00969398 -1.70082 -1.73205 -1.65851 -0.000818416 0 0.00983116 0.000912597 0 2.93636e-05 
-0.0120945 -6.66134e-16 -0.00942715 -1.70071 -1.73205 -1.65894 -0.000840637 0 0.00982449 0.000912771 0 3.80331e-05 
-0.00928034 -6.66134e-16 -0.00940685 -1.69799 -1.73205 -1.65959 0.00243023 0 0.00979286 0.00132255 0 7.73784e-05 
-0.0134578 -6.66134e-16 -0.00929399 -1.69918 -1.73205 -1.66026 0.000181529 0 0.00976249 0.000156957 0 0.000114989 
-0.0132202 -6.66134e-16 -0.00902657 -1.69932 -1.73205 -1.66063 0.000209457 0 0.00976084 0.000156392 0 0.0001244 
-0.00547121 -6.66134e-16 -0.00873483 -1.71791 -1.73205 -1.66122 -0.00517663 0 0.00974713 0.00249747 0 0.000149169 
-0.0119754 -6.66134e-16 -0.00871508 -1.69579 -1.73205 -1.66174 0.00417976 0 0.00971038 0.00115113 0 0.000184972 
-0.00417928 -6.66134e-16 -0.00854821 -1.69866 -1.73205 -1.66207 0.00314634 0 0.00970112 0.00337795 0 0.000199537 
-0.00342578 -6.66134e-16 -0.00837901 -1.69603 -1.73205 -1.66239 0.00580823 0 0.00969367 -0.00134589 0 0.000212556 
-0.0034589 -6.66134e-16 -0.00807052 -1.69591 -1.73205 -1.66275 0.00578509 0 0.00969869 -0.00134589 0 0.00022255 
-0.00371929 -6.66134e-16 -0.00791305 -1.70297 -1.73205 -1.66333 0.00322204 0 0.00966598 -0.00138936 0 0.000240747 
-0.00233561 -6.66134e-16 -0.00729368 -1.70069 -1.73205 -1.66409 0.00320905 0 0.00966065 -4.62185e-07 0 0.000257595 
-0.00494374 -6.66134e-16 -0.00712237 -1.7062 -1.73205 -1.66457 0.00123718 0 0.00963448 0.00121473 0 0.000256528 
-0.0061441 -6.66134e-16 -0.00701102 -1.69522 -1.73205 -1.66483 0.00633969 0 0.00962257 0.00228946 0 0.000254393 
0.00366759 -6.66134e-16 -0.00683895 -1.70917 -1.73205 -1.66508 -0.00186524 0 0.00961554 0.000681793 0 0.000255462 
-0.00413373 -6.66134e-16 -0.0067045 -1.69947 -1.73205 -1.66533 0.00455962 0 0.00960563 -0.00178897 0 0.000253334 
-0.000631967 -6.66134e-16 -0.00664196 -1.71618 -1.73205 -1.66557 -0.00376893 0 0.00959165 0.00166369 0 0.000244078 
-0.00286602 -6.66134e-16 -0.00648795 -1.71284 -1.73205 -1.6658 -0.00317795 0 0.00958425 0.00213036 0 0.000242036 
0.00114823 -6.66134e-16 -0.00623634 -1.71452 -1.73205 -1.66624 -0.00363557 0 0.00956865 0.00138217 0 0.000232022 
-0.00169384 -6.66134e-16 -0.0061413 -1.71511 -1.73205 -1.66646 -0.00407469 0 0.00956158 0.00117582 0 0.000223665 
-0.0015731 -6.66134e-16 -0.00593194 -1.71513 -1.73205 -1.66671 -0.00407052 0 0.00955806 0.00117588 0 0.000223108 
0.00221017 -6.66134e-16 -0.00591593 -1.71101 -1.73205 -1.66696 -0.000727963 0 0.00955052 0.000527227 0 0.00020216 
0.00223961 -6.66134e-16 -0.00601187 -1.71109 -1.73205 -1.66697 -0.000728025 0 0.00954885 0.000527215 0 0.000191372 
-0.000189646 -6.66134e-16 -0.00579914 -1.68438 -1.73205 -1.66738 0.00746163 0 0.00954722 -0.00169717 0 0.000174449 
0.00296649 -6.66134e-16 -0.00588156 -1.68825 -1.73205 -1.66756 0.00966513 0 0.00955013 -0.0034598 0 0.00014525 
0.00211042 -6.66134e-16 -0.00579063 -1.71362 -1.73205 -1.66785 -0.00197087 0 0.00955623 0.00102459 0 0.000124704 
-5.15656e-05 -6.66134e-16 -0.00571316 -1.71055 -1.73205 -1.66814 1.35624e-06 0 0.00955961 0.000527747 0 0.000102481 
7.13992e-05 -6.66134e-16 -0.0056929 -1.71094 -1.73205 -1.66835 6.67847e-05 0 0.00956022 0.000527745 0 8.14457e-05 
0.00081748 -6.66134e-16 -0.00567434 -1.69263 -1.73205 -1.66858 0.00561644 0 0.00955714 -0.00149959 0 5.97981e-05 
0.0019018 -6.66134e-16 -0.00565422 -1.69863 -1.73205 -1.6688 0.00560317 0 0.00955007 -0.00127457 0 3.75513e-05 
0.000551937 -6.66134e-16 -0.00557039 -1.71384 -1.73205 -1.6693 -0.00104592 0 0.00952158 0.00107383 0 -9.26783e-06 
0.00123752 -6.66134e-16 -0.00567336 -1.7042 -1.73205 -1.66932 0.00225804 0 0.00952015 -0.00055212 0 -2.53611e-05 
0.00292035 -6.66134e-16 -0.00545694 -1.71033 -1.73205 -1.66979 0.002624 0 0.00948072 0.000927967 0 -5.51522e-05 
0.000484086 -6.66134e-16 -0.0052992 -1.72021 -1.73205 -1.67021 -0.0038256 0 0.00943928 0.00147702 0 -8.94962e-05 
0.00284813 -6.66134e-16 -0.0054432 -1.71091 -1.73205 -1.67043 -0.000725219 0 0.00941628 0.000305844 0 -0.000135306 
0.00165084 -6.66134e-16 -0.00532773 -1.71777 -1.73205 -1.6708 -0.0034298 0 0.00937796 0.000566988 0 -0.000167214 
6.63334e-06 -6.66134e-16 -0.00517821 -1.71704 -1.73205 -1.67118 -5.74262e-05 0 0.00934048 0.000830924 0 -0.000195707 
0.000805678 -6.66134e-16 -0.00530066 -1.70808 -1.73205 -1.67141 0.00309054 0 0.00931591 -0.000155463 0 -0.000234608 
0.000587793 -6.66134e-16 -0.005157 -1.70993 -1.73205 -1.67174 0.00267325 0 0.00928741 0.000786346 0 -0.000256191 
0.00243498 -6.66134e-16 -0.0051415 -1.70971 -1.73205 -1.67191 0.00274896 0 0.00927385 0.000697806 0 -0.000271989 
0.00247637 -6.66134e-16 -0.00503299 -1.70974 -1.73205 -1.67204 0.00275508 0 0.00926581 0.00069781 0 -0.00027486 
0.00018176 -6.66134e-16 -0.00511755 -1.71748 -1.73205 -1.67221 0.000685357 0 0.00925174 0.00122362 0 -0.000299062 
0.000301696 -6.66134e-16 -0.0050192 -1.71756 -1.73205 -1.67233 0.000700805 0 0.00924568 0.0012237 0 -0.000300816 
0.00106082 -6.66134e-16 -0.00510808 -1.70951 -1.73205 -1.67248 0.0039027 0 0.00923294 0.00181147 0 -0.000320407 
0.000703633 -6.66134e-16 -0.0050571 -1.71024 -1.73205 -1.67267 0.00138864 0 0.00922168 -0.00107035 0 -0.000329764 
0.00230541 -6.66134e-16 -0.00507392 -1.7159 -1.73205 -1.67292 0.000786006 0 0.0092106 0.00162784 0 -0.000344772 
1.98661e-05 -6.66134e-16 -0.00517043 -1.71399 -1.73205 -1.67295 -0.000123126 0 0.00921274 4.1956e-05 0 -0.000350553 
0.00205427 -6.66134e-16 -0.00520347 -1.75283 -1.73205 -1.67306 -0.0191056 0 0.00921493 0.000130644 0 -0.000356102 
0.00211402 -6.66134e-16 -0.0051737 -1.75283 -1.73205 -1.67326 -0.0190876 0 0.00921598 0.000130503 0 -0.000361595 
0.00186268 -6.66134e-16 -0.00517789 -1.7159 -1.73205 -1.67363 -0.00110993 0 0.00922625 5.33132e-06 0 -0.000370517 
0.00538832 -6.66134e-16 -0.00526531 -1.69948 -1.73205 -1.67372 0.0080873 0 0.00923753 0.0010949 0 -0.000373972 
0.00198984 -6.66134e-16 -0.00530167 -1.71249 -1.73205 -1.67388 0.000344034 0 0.00925207 -0.000145292 0 -0.00037705 
0.00212082 -6.66134e-16 -0.00533877 -1.71554 -1.73205 -1.67405 -0.000787072 0 0.00927033 0.000806391 0 -0.00037942 
-0.00199034 -6.66134e-16 -0.00537586 -1.70835 -1.73205 -1.67421 0.00374922 0 0.00929171 -0.000242972 0 -0.000380801 
0.00511831 -6.66134e-16 -0.00539543 -1.71489 -1.73205 -1.67439 0.000803 0 0.00931649 -0.00180771 0 -0.000381012 
0.00538664 -6.66134e-16 -0.00530458 -1.71494 -1.73205 -1.67448 0.000813752 0 0.00932263 -0.0018075 0 -0.000380271 
-0.00250128 -6.66134e-16 -0.00549441 -1.71237 -1.73205 -1.6747 0.00022427 0 0.00937007 0.000751049 0 -0.000377653 
0.00232521 -6.66134e-16 -0.005633 -1.7197 -1.73205 -1.67478 -0.00214136 0 0.00939248 0.000536209 0 -0.000375328 
0.00253471 -6.66134e-16 -0.00558949 -1.71983 -1.73205 -1.67506 -0.0021085 0 0.00943036 0.000536347 0 -0.000368248 
-0.000673489 -6.66134e-16 -0.00564264 -1.7128 -1.73205 -1.67525 0.00156634 0 0.0094616 0.000380711 0 -0.000361001 
0.000378489 -6.66134e-16 -0.0056772 -1.72469 -1.73205 -1.67547 -0.00482648 0 0.00949564 -0.000664935 0 -0.000351089 
0.00194606 -6.66134e-16 -0.00586103 -1.71467 -1.73205 -1.67582 0.00113163 0 0.00956059 0.000368469 0 -0.000330524 
0.00128371 -6.66134e-16 -0.00597155 -1.71854 -1.73205 -1.676 0.000221871 0 0.00959357 0.000278561 0 -0.000318789 
-0.00058697 -6.66134e-16 -0.00593509 -1.71143 -1.73205 -1.67633 0.00184841 0 0.00964008 0.000308859 0 -0.000298418 
-0.00262979 -6.66134e-16 -0.00599727 -1.72741 -1.73205 -1.67657 -0.00654612 0 0.00967857 -0.00193156 0 -0.000281146 
0.00201868 -6.66134e-16 -0.00609547 -1.70948 -1.73205 -1.67709 0.00350664 0 0.00975815 0.000425123 0 -0.000241436 
0.00189788 -6.66134e-16 -0.00598613 -1.70934 -1.73205 -1.67719 0.0034798 0 0.00976943 0.000425126 0 -0.000235441 
-0.00175137 -6.66134e-16 -0.00628642 -1.71694 -1.73205 -1.67756 0.00110789 0 0.00983396 0.00160068 0 -0.00019792 
-0.00152012 -6.66134e-16 -0.00635725 -1.70726 -1.73205 -1.67783 0.00535759 0 0.0098756 -0.000109132 0 -0.000171131 
-0.00527855 -6.66134e-16 -0.00635725 -1.7174 -1.73205 -1.67783 -0.000302383 0 0.0098756 -0.000594454 0 -0.000171131 
-0.00531477 -6.66134e-16 -0.0063265 -1.71769 -1.73205 -1.67808 -0.000289846 0 0.00990975 -0.00059439 0 -0.000148089 
-0.00440423 -6.66134e-16 -0.00662338 -1.69691 -1.73205 -1.67849 0.0129724 0 0.0099725 -0.000685431 0 -9.03908e-05 
-0.0044569 -6.66134e-16 -0.00649522 -1.71961 -1.73205 -1.67876 -0.000295851 0 0.00999443 -0.00174322 0 -6.26166e-05 
-0.00555956 -6.66134e-16 -0.0065503 -1.72656 -1.73205 -1.67891 -0.00021445 0 0.0100108 -0.000219422 0 -3.81977e-05 
-0.00441164 -6.66134e-16 -0.00651753 -1.71973 -1.73205 -1.67905 2.20586e-05 0 0.010022 -0.00132173 0 -1.82018e-05 
-0.00916474 -6.66134e-16 -0.00649662 -1.71171 -1.73205 -1.6792 0.00491308 0 0.010033 0.00211158 0 5.01949e-06 
-0.00419931 -6.66134e-16 -0.00646578 -1.71522 -1.73205 -1.67934 0.00165015 0 0.0100413 -0.00121945 0 2.8171e-05 
-0.000952953 -6.66134e-16 -0.00640112 -1.73042 -1.73205 -1.67951 -0.00317714 0 0.0100468 -3.97e-05 0 5.26601e-05 
-0.00480386 -6.66134e-16 -0.00640234 -1.74491 -1.73205 -1.67966 -0.0113599 0 0.0100533 0.000127113 0 8.59234e-05 
-0.00315207 -6.66134e-16 -0.00630152 -1.72327 -1.73205 -1.67975 -0.00171292 0 0.0100491 -0.00155853 0 9.01842e-05 
-0.00528277 -6.66134e-16 -0.00627445 -1.72037 -1.73205 -1.6799 0.000209978 0 0.01005 -0.000433687 0 0.0001193 
-0.00367116 -6.66134e-16 -0.00618931 -1.73058 -1.73205 -1.68005 -0.003758 0 0.0100469 -0.000928831 0 0.000141814 
0.000175902 -6.66134e-16 -0.0061476 -1.71832 -1.73205 -1.68016 0.001981 0 0.0100463 0.000916145 0 0.000162468 
-0.0095558 -6.66134e-16 -0.00605536 -1.73321 -1.73205 -1.68031 -0.00526475 0 0.0100444 0.00251493 0 0.00018432 
-0.00389197 -6.66134e-16 -0.0060334 -1.72195 -1.73205 -1.6804 -0.000575134 0 0.0100453 -0.000439554 0 0.000219282 
-0.00629132 -6.66134e-16 -0.00584711 -1.71676 -1.73205 -1.68065 0.00225636 0 0.0100443 0.00010908 0 0.000256282 
-0.0039313 -6.66134e-16 -0.00577379 -1.72072 -1.73205 -1.68074 7.16006e-05 0 0.0100448 -0.00123565 0 0.000264242 
-0.00242678 -6.66134e-16 -0.00569422 -1.73403 -1.73205 -1.68085 -0.00516971 0 0.0100452 0.000890998 0 0.000282253 
-0.00347129 -6.66134e-16 -0.00561364 -1.73074 -1.73205 -1.68095 -0.00377659 0 0.0100458 0.000697506 0 0.000299162 
-0.00349984 -6.66134e-16 -0.00553171 -1.73074 -1.73205 -1.68105 -0.003778 0 0.0100467 0.000697513 0 0.000315163 
-0.00492155 -6.66134e-16 -0.00544836 -1.71913 -1.73205 -1.68114 0.00233269 0 0.0100482 -0.000351932 0 0.000330235 
-0.000927771 -6.66134e-16 -0.00536355 -1.73823 -1.73205 -1.68122 -0.00458233 0 0.0100504 0.000686557 0 0.000344384 
0.00132317 -6.66134e-16 -0.00527775 -1.7171 -1.73205 -1.68131 0.00325711 0 0.0100537 0.00191956 0 0.000357441 
-0.000472943 -6.66134e-16 -0.00519131 -1.73443 -1.73205 -1.68138 -0.00363828 0 0.0100577 0.000964714 0 0.00036935 
-0.00161851 -6.66134e-16 -0.00510503 -1.72863 -1.73205 -1.68146 -0.00149189 0 0.0100588 -0.000672144 0 0.000394864 
0.00257707 -6.66134e-16 -0.00498559 -1.7182 -1.73205 -1.68156 0.00246735 0 0.0100666 0.000184358 0 0.000401251 
0.000323511 -6.66134e-16 -0.00485506 -1.72704 -1.73205 -1.68168 -0.0012997 0 0.0100747 0.00133039 0 0.00040338 
0.00190191 -6.66134e-16 -0.00477624 -1.73004 -1.73205 -1.68176 -0.0025347 0 0.0100767 0.000702383 0 0.000407507 
0.00179937 -6.66134e-16 -0.00469936 -1.72262 -1.73205 -1.68183 0.000887457 0 0.0100769 0.00177758 0 0.000409925 
-0.000778298 -6.66134e-16 -0.00462416 -1.72249 -1.73205 -1.6819 0.00113874 0 0.0100754 0.000924876 0 0.000410421 
-0.000730708 -6.66134e-16 -0.00454643 -1.72244 -1.73205 -1.68198 0.00112802 0 0.0100798 0.00092488 0 0.000400959 
0.00189568 -6.66134e-16 -0.00448094 -1.72844 -1.73205 -1.68203 -0.00120837 0 0.0100673 0.00119571 0 0.000405182 
0.00190732 -6.66134e-16 -0.00440579 -1.72838 -1.73205 -1.68211 -0.00122064 0 0.01007 0.00119573 0 0.000394691 
0.001093 -6.66134e-16 -0.00435253 -1.74562 -1.73205 -1.68215 -0.0069385 0 0.0100552 0.000874659 0 0.000391775 
0.00100394 -6.66134e-16 -0.00425441 -1.74552 -1.73205 -1.68227 -0.00695676 0 0.0100562 0.000874544 0 0.000375675 
-0.000337977 -6.66134e-16 -0.00422669 -1.74101 -1.73205 -1.68228 -0.00679999 0 0.0100365 0.00106682 0 0.000366101 
0.00172638 -6.66134e-16 -0.00424671 -1.72104 -1.73205 -1.68224 0.00121389 0 0.0100291 0.00111031 0 0.000365266 
-9.74518e-05 -6.66134e-16 -0.00417 -1.72663 -1.73205 -1.68235 -0.000229999 0 0.0100218 0.00130921 0 0.000342901 
0.0030989 -6.66134e-16 -0.00412445 -1.70654 -1.73205 -1.68242 0.0104653 0 0.010022 0.00259887 0 0.000332177 
-0.000582879 -6.66134e-16 -0.00409194 -1.73043 -1.73205 -1.68248 -0.00306415 0 0.0100161 -0.000384334 0 0.000311148 
0.00114763 -6.66134e-16 -0.00407045 -1.7274 -1.73205 -1.68252 0.00016486 0 0.0100133 0.00110928 0 0.000291215 
0.00229926 -6.66134e-16 -0.00404145 -1.72365 -1.73205 -1.68261 0.000219607 0 0.0100099 0.000619382 0 0.000244745 
0.000411266 -6.66134e-16 -0.0040018 -1.72096 -1.73205 -1.68269 0.00119056 0 0.0100177 0.00079605 0 0.000230356 
0.00192968 -6.66134e-16 -0.00400527 -1.70839 -1.73205 -1.68273 0.00815751 0 0.0100149 0.00162433 0 0.000201989 
0.00403174 -6.66134e-16 -0.00400341 -1.72259 -1.73205 -1.68278 0.00209942 0 0.0100152 0.00065066 0 0.000171236 
-0.000450392 -6.66134e-16 -0.00400699 -1.72088 -1.73205 -1.68282 0.00178348 0 0.0100148 -0.000414787 0 0.000144672 
0.00228803 -6.66134e-16 -0.00404078 -1.73164 -1.73205 -1.68278 -0.00286429 0 0.00999828 0.000752981 0 0.000106796 
0.00220792 -6.66134e-16 -0.00403245 -1.73207 -1.73205 -1.68291 -0.00280984 0 0.00999941 0.00075299 0 6.48489e-05 
0.00254501 -6.66134e-16 -0.00403616 -1.7293 -1.73205 -1.68294 -4.93725e-05 0 0.00999104 -0.000370529 0 3.73462e-05 
0.00117512 -6.66134e-16 -0.00403497 -1.72519 -1.73205 -1.68297 0.000352858 0 0.00998214 0.000990482 0 1.04353e-05 
0.0012575 -6.66134e-16 -0.00402862 -1.72509 -1.73205 -1.68299 0.000345546 0 0.00997314 0.000990441 0 -1.56856e-05 
-0.00285182 -6.66134e-16 -0.00401784 -1.71914 -1.73205 -1.68302 0.0023182 0 0.009965 0.000264558 0 -4.09513e-05 
-0.00216086 -6.66134e-16 -0.00400277 -1.73665 -1.73205 -1.68296 -0.00413878 0 0.00993759 -0.000686252 0 -7.94567e-05 
-0.00225367 -6.66134e-16 -0.00397417 -1.73674 -1.73205 -1.68318 -0.00412192 0 0.009963 -0.000686303 0 -0.000100342 
0.00194266 -6.66134e-16 -0.00395674 -1.72999 -1.73205 -1.6831 -0.00274852 0 0.00993174 0.000401827 0 -0.000134545 
0.00263264 -6.66134e-16 -0.00393545 -1.72144 -1.73205 -1.68314 0.00216769 0 0.00992615 4.14718e-05 0 -0.000157493 
0.00276822 -6.66134e-16 -0.00392757 -1.72612 -1.73205 -1.68306 6.00906e-05 0 0.00990446 0.000905369 0 -0.000170129 
0.00168335 -6.66134e-16 -0.00386835 -1.72676 -1.73205 -1.68316 0.00133658 0 0.00990952 0.00217923 0 -0.000212489 
0.00342434 -6.66134e-16 -0.00381679 -1.71937 -1.73205 -1.68319 0.00295887 0 0.00991765 -0.000337771 0 -0.000243876 
0.00342128 -6.66134e-16 -0.00381549 -1.71939 -1.73205 -1.68326 0.00296301 0 0.00993894 -0.000337771 0 -0.000246367 
0.00261009 -6.66134e-16 -0.00377711 -1.72032 -1.73205 -1.68316 0.00189385 0 0.00992144 0.000151683 0 -0.00026963 
0.00259978 -6.66134e-16 -0.00378352 -1.72048 -1.73205 -1.68324 0.00192554 0 0.00994853 0.000151692 0 -0.000271702 
0.00323152 -6.66134e-16 -0.00375247 -1.73243 -1.73205 -1.68315 -0.00348508 0 0.00993229 2.45622e-05 0 -0.000292531 
0.00250293 -6.66134e-16 -0.00374472 -1.7248 -1.73205 -1.68314 -0.000670955 0 0.00993768 -0.000179288 0 -0.000302414 
0.00253953 -6.66134e-16 -0.00375374 -1.72495 -1.73205 -1.68321 -0.000641883 0 0.00996233 -0.000179268 0 -0.000302551 
0.00283764 -6.66134e-16 -0.0037364 -1.73217 -1.73205 -1.68318 -0.00374856 0 0.00995957 0.000595616 0 -0.000317774 
0.0019341 -6.66134e-16 -0.00372709 -1.73424 -1.73205 -1.68312 -0.00849464 0 0.00994169 0.000195183 0 -0.000325105 
0.00343829 -6.66134e-16 -0.00372253 -1.72186 -1.73205 -1.68316 0.00186359 0 0.00995346 0.000779234 0 -0.000328968 
