1.32919 0.0200585 1.53831 0.00168682 
1.34125 0.0379587 1.53816 0.00183763 
1.32703 0.0265028 1.53773 0.0021162 
1.3021 0.0193642 1.53484 0.00437444 
1.28062 0.0590782 1.5379 7.52289e-05 
1.24983 0.10401 1.53401 0.00109738 
1.21304 0.175073 1.5276 0.0034168 
1.16606 0.211479 1.52383 0.00214198 
1.15449 0.219877 1.51437 0.0108659 
1.17176 0.191262 1.51203 0.0223537 
1.18944 0.179233 1.49351 0.0096843 
1.2007 0.150063 1.49432 0.0304707 
1.20932 0.134662 1.47951 0.0316611 
1.20733 0.141917 1.48935 0.0591009 
1.24549 0.143479 1.43011 0.0248717 
1.23097 0.107632 1.41443 0.0460335 
1.26442 0.101304 1.38963 0.0473807 
1.24496 0.0965349 1.37477 0.0626745 
1.27139 0.0880466 1.36545 0.0533586 
1.22654 0.100257 1.3001 0.0407143 
1.20688 0.107744 1.24908 0.0314576 
1.18641 0.101091 1.21447 0.0629008 
1.1965 0.079445 1.14837 0.0634951 
1.20566 0.0512649 1.08514 0.0511918 
1.19523 0.054408 1.06974 0.0893305 
1.22318 0.0989149 1.01776 0.0802298 
1.20412 0.081405 0.948282 0.0637164 
1.16303 0.080305 0.874912 0.0444112 
1.13924 0.0834926 0.851688 0.0916657 
1.11146 0.0765393 0.772613 0.0508274 
1.10073 0.0705439 0.699894 0.0597241 
1.07391 0.0818719 0.667392 0.0763797 
1.04068 0.0787999 0.600583 0.0669255 
1.02019 0.0664507 0.534572 0.0442549 
0.986123 0.0477522 0.479726 0.0543399 
0.97533 0.054401 0.437524 0.0568937 
0.964311 0.0409496 0.419654 0.0663082 
0.965732 0.0341432 0.366145 0.0474279 
0.967923 0.0551493 0.366139 0.0623019 
0.928354 0.0400131 0.308474 0.0498774 
0.910803 0.0223631 0.26056 0.041773 
0.885464 0.0241595 0.236214 0.0439593 
0.868001 0.0344658 0.195918 0.041331 
0.868871 0.0529773 0.176075 0.0527949 
0.847763 0.044059 0.140534 0.0357901 
0.850549 0.0584548 0.140533 0.0446847 
0.824085 0.035406 0.0999558 0.0298562 
0.831485 0.0475543 0.100006 0.0460018 
0.802962 0.0337829 0.0483042 0.0254094 
0.802962 0.0337829 0.0483042 0.0254094 
0.766049 0.0291551 0.0203999 0.0296731 
0.750449 0.0395192 0.0132825 0.0412724 
0.741435 0.0362574 0.00690688 0.0322116 
0.727163 0.0278521 0.0152395 0.0281716 
0.71012 0.0179487 0.0435309 0.0115399 
0.708162 0.0180604 0.0435285 0.0172201 
0.692392 0.0331888 0.0472701 0.0239529 
0.682169 0.0222595 0.0784723 0.0063592 
0.681273 0.0219802 0.0784724 0.00991729 
0.677698 0.0240963 0.0785227 0.0166228 
0.664306 0.0315809 0.0801122 0.0180285 
0.650244 0.0215939 0.0938782 0.0131872 
0.635057 0.0285078 0.101816 0.00795777 
0.62052 0.0317327 0.106234 0.00590607 
0.608932 0.0333158 0.105772 0.00825896 
0.609162 0.027117 0.110308 0.00594272 
0.607382 0.028399 0.110304 0.00706057 
0.580686 0.0193771 0.113021 0.0037416 
0.560454 0.0285526 0.114143 0.00288254 
0.52104 0.0698941 0.117325 0.000869848 
0.564181 0.0150983 0.117219 0.000551639 
0.552237 0.0236536 0.114575 0.00163991 
0.531218 0.0458661 0.113215 0.0022425 
0.554455 0.0185152 0.112952 0.00404995 
0.517877 0.0254086 0.109318 0.00394181 
0.520855 0.00904344 0.108768 0.00675848 
0.504809 0.0224036 0.103354 0.00399355 
0.515582 0.0137383 0.100217 0.00465064 
0.515368 0.0142693 0.100217 0.00551631 
0.496077 0.0121584 0.0969663 0.00770162 
0.478343 0.0224523 0.0883132 0.00470767 
0.460981 0.0272105 0.0830777 0.00437603 
0.469832 0.0241244 0.0751851 0.00714988 
0.421986 0.0611593 0.0726619 0.00784943 
0.442215 0.0296249 0.0686454 0.0103199 
0.437712 0.0200714 0.0584769 0.00603607 
0.450071 0.0117244 0.0570218 0.00750954 
0.402636 0.0467444 0.0540915 0.00999178 
0.414275 0.0241095 0.0480877 0.00801314 
0.393892 0.0369907 0.0470301 0.0109185 
0.410178 0.0204747 0.0399276 0.00739787 
0.390986 0.0302775 0.0386602 0.0100252 
0.382767 0.0347977 0.029642 0.00440491 
0.381129 0.0281825 0.0278131 0.0079129 
0.394482 0.01347 0.0257116 0.00896676 
0.370571 0.0305239 0.0224229 0.0090052 
0.372376 0.0242666 0.0153208 0.00510773 
0.355673 0.0368979 0.0105286 0.00458109 
0.368714 0.0176804 0.0054119 0.00381804 
0.352348 0.0271432 0.00328382 0.00537373 
0.361116 0.0178233 0.00159924 0.0057326 
0.342289 0.0316894 0.00348069 0.00339875 
0.349291 0.019912 0.00569489 0.00493145 
0.326871 0.0346243 0.0115644 0.00230403 
0.336415 0.0193575 0.012247 0.00299061 
0.321957 0.026551 0.0136685 0.00385385 
0.308158 0.0397206 0.0166075 0.00213505 
0.315512 0.0252991 0.0177948 0.00283533 
0.307332 0.0298616 0.0178973 0.00372214 
0.327098 0.0148969 0.0181123 0.00414896 
0.306242 0.0242165 0.0227418 0.00045513 
0.286454 0.0384813 0.0224521 0.00185202 
0.296411 0.0239807 0.0241857 0.000707078 
0.286084 0.0335099 0.0251782 0.000143254 
0.282628 0.0345217 0.0243266 0.0010323 
0.278685 0.0393928 0.0246376 0.000719715 
0.291245 0.0213765 0.0247641 0.000521463 
0.292609 0.0189853 0.0247666 0.00037651 
0.283434 0.019228 0.0239988 0.000931031 
0.270608 0.0279318 0.0265544 0.00224348 
0.257327 0.0397299 0.0239105 3.15465e-05 
0.242634 0.0569317 0.0257061 0.00227911 
0.265656 0.0284891 0.0235217 0.00106394 
0.26561 0.0240359 0.0235197 0.00171784 
0.249053 0.0391989 0.0235833 0.00252489 
0.261553 0.0223102 0.0227705 0.00297451 
0.237921 0.0445856 0.0185535 0.000442953 
0.2412 0.0348021 0.0131656 0.00439311 
0.244578 0.0240829 0.0206818 0.00481082 
0.246927 0.02043 0.0206816 0.00570242 
0.233657 0.0310262 0.0167265 0.00264608 
0.234939 0.0254126 0.0160833 0.00290516 
0.222545 0.0349834 0.0125098 0.000169096 
0.222311 0.0336527 0.0125098 0.000486793 
0.216663 0.0363973 0.0141009 0.00351882 
0.206192 0.0441481 0.0104037 0.000602604 
0.178825 0.0751565 0.0101105 0.00105479 
0.203495 0.0410575 0.0104291 0.00276846 
0.20164 0.0398078 0.0078592 0.00116158 
0.197524 0.0429478 0.00832628 0.0023877 
0.207533 0.0311303 0.00740655 0.00262821 
0.205399 0.0291298 0.00442121 0.000809972 
0.201189 0.0302297 0.00288428 0.000173525 
0.15693 0.0781267 0.0020178 0.00334488 
0.19515 0.028656 0.0024099 0.00184037 
0.199398 0.0225687 0.000821557 0.000816963 
0.188753 0.0320387 0.000251203 0.000950225 
0.198164 0.0169016 0.00112302 0.000395877 
0.178016 0.0343819 0.00345721 0.00148714 
0.165789 0.0435613 0.00259549 0.00015476 
0.149235 0.0591241 0.0011369 0.00205405 
0.149976 0.0571505 0.00113542 0.00222959 
0.231407 0.0383797 0.00152892 0.00227506 
0.153071 0.0500567 0.00631781 0.00222967 
0.159413 0.0381964 0.0052812 0.000702575 
0.163589 0.0312112 0.0026372 0.00214892 
0.168048 0.0231186 0.00318531 0.00194475 
0.172495 0.0174533 0.00270781 0.00255926 
0.148114 0.0419878 0.00515918 0.000222348 
0.149636 0.0365334 0.00478252 0.000775442 
0.142508 0.0418819 0.00638341 0.000783645 
0.143984 0.0400055 0.00461098 0.00101878 
0.152955 0.0257789 0.00803882 0.00239803 
0.138733 0.039754 0.00646861 0.000847758 
0.151892 0.0224571 0.00506555 0.000428007 
0.126825 0.0476893 0.00564074 0.000259447 
0.131161 0.0432856 0.00651495 0.00122888 
0.136482 0.0327536 0.0048822 0.000296906 
0.137488 0.0308258 0.00488191 0.000272649 
0.119873 0.0495982 0.00668386 0.00165154 
0.127101 0.0390036 0.00474514 5.29379e-05 
0.132231 0.0297702 0.00388471 0.000621085 
0.126537 0.0340018 0.00575181 0.00140118 
0.114327 0.0456025 0.00358538 0.00060458 
0.120274 0.0376476 0.00463833 0.000613804 
0.0909275 0.0705797 0.00490148 0.00105708 
0.0902357 0.0703063 0.00490167 0.00110075 
0.0915151 0.0653173 0.00228828 0.00119297 
0.0888342 0.0690886 0.00292904 0.000345982 
0.0888183 0.0664543 0.00425618 0.00104249 
0.111284 0.0392657 0.00516841 0.00221365 
0.0846845 0.0702107 0.00624675 0.003479 
0.104699 0.0442862 0.00545418 0.00287434 
0.0872774 0.062924 0.00431792 0.00192685 
0.105104 0.0425035 0.00438851 0.00230677 
0.0989988 0.0454671 0.00244123 0.000620299 
0.114889 0.0271665 0.00323994 0.00160869 
0.115614 0.0251071 0.0032382 0.00179599 
0.094123 0.0480487 0.00125835 3.96337e-06 
0.100444 0.039424 7.71623e-05 0.000991173 
0.100875 0.0380475 7.68351e-05 0.000917726 
0.100315 0.0357944 0.000438217 0.0011412 
0.0925626 0.0416244 0.00379247 0.0032675 
0.092972 0.0393895 0.000158283 0.000193007 
0.0992437 0.0312235 0.00019768 9.14626e-05 
0.0813975 0.048455 0.00247858 0.00261788 
0.142224 0.0254757 0.000243005 0.000616682 
0.0881703 0.0354866 0.00494276 0.00435741 
0.0867899 0.0348679 0.00383324 0.00300528 
0.0732402 0.0502759 0.0014396 0.00049535 
0.0885044 0.031245 0.00119621 0.000143171 
0.0816949 0.0378933 0.000175607 0.00136313 
0.0712787 0.048128 0.00217836 0.000861723 
0.0758505 0.0383108 0.00218429 0.00358615 
0.0755273 0.0375281 0.000844522 0.000639343 
0.0752154 0.0371812 0.000844651 0.000662262 
0.08722 0.0237881 0.00154957 0.00312501 
0.0767198 0.0322758 0.000128015 0.00153551 
0.0706137 0.0379636 4.09006e-05 0.00175113 
0.0772277 0.0307418 0.0016821 0.00340222 
0.0758659 0.0306478 0.0016818 0.00343431 
0.0706352 0.0349832 0.000176083 0.00159333 
0.0779788 0.0270293 0.000937901 0.000841284 
0.0649598 0.0400313 0.00233089 0.000545216 
0.0523714 0.055072 0.00191952 0.000135077 
0.0349159 0.083141 0.00437003 0.00259689 
0.0410919 0.0661355 0.00248992 0.000731818 
0.0578965 0.0447131 0.00254198 0.000796131 
0.058182 0.0441268 0.00254179 0.000796354 
0.0863785 0.0141973 0.00126934 0.00045179 
0.0568813 0.043948 0.00124257 0.000445228 
0.0622037 0.0387421 0.00155946 9.96554e-05 
0.0626651 0.0379159 0.00155937 9.31418e-05 
0.0738267 0.0239654 0.000461067 0.00111967 
0.0713859 0.0256574 0.000276135 0.00183037 
0.0744738 0.0217734 0.00037384 0.00112785 
0.0876091 0.0101586 0.00203983 0.000612874 
0.0874827 0.00982177 0.00204095 0.00066011 
0.0662388 0.0281505 0.000876753 0.000456695 
0.0679615 0.0256297 0.00168654 0.00297148 
0.0684564 0.0247386 0.00168654 0.0029564 
0.0919202 0.00751687 0.000788186 0.000396549 
0.120669 0.0331075 6.07209e-05 0.00119464 
0.120736 0.0335919 6.0601e-05 0.00117921 
0.050643 0.0410688 0.00223996 0.00120628 
0.0672126 0.0231877 0.0012004 0.000215403 
0.048854 0.0413031 0.000680509 0.00158447 
0.0550379 0.0334436 0.00101888 0.000167736 
0.0249832 0.0951422 0.00327628 0.00247729 
0.0670615 0.0227853 0.000222996 0.000977492 
0.0708663 0.0188918 0.00018083 0.000527759 
0.072474 0.0166691 0.000990318 0.000322694 
0.052933 0.0354895 0.00138909 0.000764589 
0.0527884 0.035053 0.00138912 0.000775943 
0.075215 0.0135578 0.000775777 0.000236726 
0.0750775 0.0131359 0.000775801 0.000278753 
0.0593082 0.0248713 0.00195256 0.00149696 
0.0651763 0.0191988 0.00108764 0.00069543 
0.0650911 0.0187812 0.00108766 0.000706963 
0.0614719 0.021526 0.0011412 0.000805045 
0.0445661 0.0378945 0.00128726 0.00155979 
0.0443627 0.0366975 0.00128747 0.00151382 
0.0481694 0.0316479 0.00110336 0.00129569 
0.0407386 0.0379471 0.000822759 0.000663231 
0.032292 0.0473118 0.00189693 0.00176861 
0.0495214 0.0279602 0.000833723 0.000932606 
0.0366571 0.042315 0.000454072 0.000525136 
0.0357935 0.0415581 0.000689348 0.000708243 
0.0357935 0.0415581 0.000689348 0.000708243 
0.0333899 0.0436814 0.000912597 0.000883234 
0.0336063 0.0431894 0.000912771 0.000874738 
0.0353843 0.0391039 0.00132255 0.00124517 
0.0355231 0.0402945 0.000156957 4.19678e-05 
0.0352982 0.0400745 0.000156392 3.19915e-05 
0.0160179 0.0587184 0.00249747 0.0023483 
0.0384118 0.0346568 0.00115113 0.000966163 
0.0337938 0.0374297 0.00337795 0.00317841 
0.0366491 0.0342167 0.00134589 0.00155844 
0.0367658 0.0337073 0.00134589 0.00156844 
0.0294904 0.0403778 0.00138936 0.0016301 
0.0316132 0.0374892 4.62185e-07 0.000258057 
0.0263518 0.0425203 0.00121473 0.0009582 
0.0378694 0.0305834 0.00228946 0.00203507 
0.0232523 0.0467531 0.000681793 0.000426331 
0.0331614 0.034606 0.00178897 0.0020423 
0.016327 0.0526845 0.00166369 0.00141961 
0.0196838 0.0488728 0.00213036 0.00188832 
0.0179391 0.0505957 0.00138217 0.00115015 
0.0175094 0.0507218 0.00117582 0.000952154 
0.0174762 0.0504923 0.00117588 0.000952767 
0.0211738 0.045951 0.000527227 0.000325067 
0.0210901 0.0460514 0.000527215 0.000335844 
0.0482522 0.0180204 0.00169717 0.00187162 
0.0449521 0.0225031 0.0034598 0.00360505 
0.0186519 0.0478606 0.00102459 0.000899888 
0.0215021 0.0438408 0.000527747 0.000425266 
0.0211107 0.0440102 0.000527745 0.0004463 
0.0398255 0.0252266 0.00149959 0.00155939 
0.0339454 0.0310185 0.00127457 0.00131213 
0.0182488 0.0461863 0.00107383 0.0010831 
0.0279674 0.0362901 0.00055212 0.000526759 
0.0220747 0.0419605 0.000927967 0.000983119 
0.0124568 0.052044 0.00147702 0.00156651 
0.0213429 0.042549 0.000305844 0.00044115 
0.0147782 0.049183 0.000566988 0.000734202 
0.015006 0.0471003 0.000830924 0.00102663 
0.0241824 0.0376901 0.000155463 7.91457e-05 
0.0222927 0.0391749 0.000786346 0.00104254 
0.0226409 0.0391016 0.000697806 0.000969795 
0.0226152 0.0389885 0.00069781 0.000972669 
0.0145899 0.0463762 0.00122362 0.00152269 
0.0145137 0.0463368 0.0012237 0.00152451 
0.022901 0.0379162 0.00181147 0.00213188 
0.0218614 0.038811 0.00107035 0.000740581 
0.0163352 0.0444118 0.00162784 0.00197261 
0.0180596 0.0424135 4.1956e-05 0.000392509 
0.0283041 0.0849646 0.000130644 0.000486746 
0.028296 0.0847696 0.000130503 0.000492098 
0.0162922 0.0440869 5.33132e-06 0.000375848 
0.0339866 0.0279002 0.0010949 0.00146888 
0.0196613 0.0402887 0.000145292 0.000231759 
0.0166678 0.0433389 0.000806391 0.00118581 
0.0240776 0.0347539 0.000242972 0.000137829 
0.01793 0.0426967 0.00180771 0.0014267 
0.0179572 0.0427054 0.0018075 0.00142723 
0.0198396 0.0388787 0.000751049 0.0011287 
0.0127456 0.0470546 0.000536209 0.000911537 
0.0126615 0.04694 0.000536347 0.000904596 
0.019326 0.0386941 0.000380711 0.000741712 
0.00880847 0.0516228 0.000664935 0.000313845 
0.0175225 0.0405143 0.000368469 0.000698993 
0.013575 0.0441601 0.000278561 0.000597349 
0.0207125 0.0363507 0.000308859 0.000607277 
0.00844415 0.0534719 0.00193156 0.00165042 
0.0229299 0.0339724 0.000425123 0.000666558 
0.0230509 0.0336947 0.000425126 0.000660567 
0.0152527 0.0405847 0.00160068 0.0017986 
0.0254123 0.030157 0.000109132 6.19987e-05 
0.0155771 0.0408664 0.000594454 0.000423323 
0.0153153 0.0409174 0.00059439 0.000446301 
0.0377186 0.0187921 0.000685431 0.00059504 
0.0132228 0.0421701 0.00174322 0.00168061 
0.0078134 0.0487509 0.000219422 0.000181224 
0.0130859 0.0419424 0.00132173 0.00130353 
0.0228446 0.0330192 0.00211158 0.00210656 
0.0174222 0.0369181 0.00121945 0.00124762 
0.00369838 0.0528793 3.97e-05 9.23601e-05 
0.017816 0.0686926 0.000127113 4.11899e-05 
0.00948542 0.0451875 0.00155853 0.00164872 
0.0128244 0.041662 0.000433687 0.000552987 
0.00545546 0.0524395 0.000928831 0.00107064 
0.0138712 0.0395171 0.000916145 0.000753677 
0.0109714 0.0551833 0.00251493 0.00233061 
0.0108416 0.0429341 0.000439554 0.000658836 
0.0166844 0.036942 0.00010908 0.000147202 
0.0119977 0.0412396 0.00123565 0.0014999 
0.00604345 0.0554095 0.000890998 0.000608745 
0.00529511 0.0517148 0.000697506 0.000398344 
0.00531355 0.0516233 0.000697513 0.00038235 
0.0140259 0.0387672 0.000351932 0.000682167 
0.00774726 0.0590196 0.000686557 0.000342173 
0.0153563 0.0370291 0.00191956 0.00156212 
0.0043712 0.0549852 0.000964714 0.000595364 
0.00406368 0.048698 0.000672144 0.00106701 
0.0143005 0.0381765 0.000184358 0.000216892 
0.00518635 0.0470488 0.00133039 0.000927012 
0.00375332 0.0503484 0.000702383 0.000294876 
0.00964538 0.0423116 0.00177758 0.00136766 
0.00965666 0.0417422 0.000924876 0.000514455 
0.00970576 0.0416138 0.00092488 0.000523921 
0.00424956 0.0481857 0.00119571 0.000790531 
0.00431134 0.0480422 0.00119573 0.000801041 
0.0152753 0.0659263 0.000874659 0.000482884 
0.0151953 0.0657119 0.000874544 0.000498869 
0.011254 0.0612214 0.00106682 0.000700717 
0.0112074 0.0402338 0.00111031 0.00074504 
0.00542788 0.0456324 0.00130921 0.000966308 
0.027746 0.0251846 0.00259887 0.00226669 
0.00351645 0.049827 0.000384334 0.000695482 
0.00479361 0.0462408 0.00110928 0.00081807 
0.00871611 0.042662 0.000619382 0.000374638 
0.0111578 0.0395215 0.00079605 0.000565694 
0.0250998 0.0264082 0.00162433 0.00142234 
0.010497 0.0413769 0.00065066 0.000479424 
0.0113194 0.039104 0.000414787 0.000559459 
0.00368837 0.0509228 0.000752981 0.000646185 
0.00357357 0.0511819 0.00075299 0.000688141 
0.00374547 0.0478918 0.000370529 0.000407875 
0.00696661 0.043621 0.000990482 0.000980046 
0.00707702 0.0435107 0.000990441 0.00100613 
0.0134235 0.0369432 0.000264558 0.00030551 
0.00655337 0.0555392 0.000686252 0.000606795 
0.00663411 0.0554015 0.000686303 0.000585961 
0.0039467 0.0489309 0.000401827 0.000536371 
0.011141 0.039631 4.14718e-05 0.000198965 
0.00654418 0.0446792 0.000905369 0.0010755 
0.00571039 0.0447774 0.00217923 0.00239172 
0.013468 0.037546 0.000337771 9.38946e-05 
0.0134482 0.0375032 0.000337771 9.14045e-05 
0.0121656 0.038549 0.000151683 0.000421313 
0.0120126 0.0386274 0.000151692 0.000423393 
0.00476782 0.0515511 2.45622e-05 0.000317093 
0.00770059 0.0434379 0.000179288 0.000123126 
0.00757087 0.0435198 0.000179268 0.000123284 
0.00470311 0.0513003 0.000595616 0.00091339 
0.00898369 0.0546397 0.000195183 0.000520289 
0.0109135 0.0401861 0.000779234 0.0011082 
