34 
37 
33 
35 
36 
37 
30 
41 
38 
41 
41 
41 
39 
37 
48 
41 
39 
46 
45 
38 
40 
43 
41 
44 
46 
48 
43 
57 
50 
59 
55 
59 
55 
62 
63 
59 
53 
66 
66 
58 
59 
64 
52 
60 
59 
59 
62 
62 
56 
56 
54 
50 
62 
57 
53 
53 
50 
55 
55 
55 
53 
59 
48 
51 
55 
56 
56 
45 
51 
51 
54 
50 
51 
52 
58 
53 
55 
49 
49 
47 
55 
53 
49 
46 
51 
47 
48 
47 
54 
53 
47 
62 
51 
52 
51 
49 
55 
54 
54 
55 
48 
53 
44 
43 
56 
54 
50 
54 
47 
55 
50 
52 
54 
56 
56 
53 
49 
49 
47 
51 
53 
51 
54 
54 
48 
50 
50 
50 
49 
49 
47 
49 
50 
50 
49 
51 
48 
52 
53 
59 
47 
47 
45 
56 
52 
54 
53 
49 
52 
52 
49 
49 
53 
52 
51 
43 
46 
49 
44 
53 
58 
50 
46 
50 
43 
50 
55 
41 
41 
44 
52 
52 
49 
53 
47 
50 
50 
48 
51 
47 
47 
44 
47 
50 
51 
53 
47 
47 
48 
46 
46 
48 
46 
44 
53 
49 
52 
46 
46 
43 
41 
42 
48 
53 
54 
54 
58 
56 
54 
52 
52 
54 
56 
54 
55 
56 
51 
54 
54 
52 
53 
56 
56 
54 
51 
55 
52 
52 
47 
55 
55 
51 
49 
49 
49 
47 
49 
49 
45 
43 
47 
48 
45 
45 
46 
46 
54 
51 
51 
48 
54 
54 
53 
54 
51 
54 
51 
55 
55 
52 
52 
50 
53 
53 
50 
49 
52 
51 
51 
45 
48 
49 
50 
53 
43 
52 
52 
51 
50 
50 
52 
52 
55 
49 
49 
52 
52 
52 
54 
49 
50 
50 
50 
51 
54 
53 
54 
53 
52 
52 
54 
54 
47 
53 
52 
49 
49 
49 
52 
48 
47 
51 
47 
48 
48 
45 
51 
51 
53 
53 
52 
51 
54 
51 
55 
55 
49 
46 
50 
50 
51 
51 
46 
50 
50 
45 
48 
46 
45 
47 
49 
49 
50 
49 
51 
50 
50 
51 
51 
47 
48 
51 
52 
48 
51 
50 
46 
48 
44 
44 
47 
47 
47 
47 
45 
50 
48 
48 
52 
48 
50 
50 
51 
50 
52 
53 
53 
49 
55 
55 
48 
47 
47 
53 
49 
49 
42 
49 
49 
45 
45 
45 
48 
48 
49 
44 
46 
