-0.476621 6.66134e-16 -0.5 0.502885 1.73205 0.5 0.00416871 0 -2.73898e-08 1.53855 0 1.54 
-0.480094 6.66134e-16 -0.5 0.511717 1.73205 0.5 -0.0127307 0 5.41096e-06 1.53884 0 1.54 
-0.48009 6.66134e-16 -0.499999 0.497665 1.73205 0.5 -0.0051612 0 0.000200591 1.53979 0 1.54 
-0.482275 6.66134e-16 -0.499986 0.492647 1.73205 0.500008 0.00670873 0 0.000434776 1.53685 0 1.53992 
-0.48577 6.66134e-16 -0.499871 0.48483 1.73205 0.500098 0.006465 0 0.00133023 1.53686 0 1.53981 
-0.50352 6.66134e-16 -0.499105 0.456864 1.73205 0.500684 -0.000211967 0 0.00289938 1.53854 0 1.53889 
-0.529113 6.66134e-16 -0.499364 0.440044 1.73205 0.500509 -0.0145021 0 -0.000300195 1.53837 0 1.53782 
-0.57207 6.66134e-16 -0.495459 0.36405 1.73205 0.503236 -0.0235766 0 0.00137356 1.53581 0 1.53218 
-0.600158 6.66134e-16 -0.492217 0.344698 1.73205 0.505334 -0.0147166 0 0.00194938 1.53081 0 1.52801 
-0.598569 6.66134e-16 -0.488517 0.331698 1.73205 0.50767 -0.0129002 0 0.00135539 1.5305 0 1.52123 
-0.637076 6.66134e-16 -0.480908 0.334036 1.73205 0.512202 -0.0253312 0 0.0034281 1.51998 0 1.51576 
-0.619453 6.66134e-16 -0.478162 0.337018 1.73205 0.514023 -0.01946 0 0.00119478 1.5175 0 1.5051 
-0.577783 6.66134e-16 -0.475678 0.348692 1.73205 0.516104 -0.00725889 0 -0.00112366 1.49945 0 1.48893 
-0.576998 6.66134e-16 -0.466085 0.36117 1.73205 0.521731 -0.00680979 0 0.000492048 1.49953 0 1.48237 
-0.538198 6.66134e-16 -0.462274 0.368711 1.73205 0.52506 0.00854583 0 -0.00102018 1.48213 0 1.46439 
-0.511575 6.66134e-16 -0.455878 0.362469 1.73205 0.529884 0.0254012 0 -0.00137118 1.44179 0 1.44863 
-0.511575 6.66134e-16 -0.455878 0.362469 1.73205 0.529884 0.0254012 0 -0.00137118 1.44179 0 1.44863 
-0.486815 6.66134e-16 -0.450208 0.375423 1.73205 0.536234 0.00259383 0 -0.0027775 1.42805 0 1.41796 
-0.457839 6.66134e-16 -0.436587 0.385417 1.73205 0.546885 0.0440499 0 -0.00265392 1.41282 0 1.38965 
-0.441466 6.66134e-16 -0.427916 0.405558 1.73205 0.554018 0.0196643 0 -0.00269906 1.3926 0 1.37003 
-0.45433 6.66134e-16 -0.417367 0.412723 1.73205 0.563079 0.0198997 0 -0.00285805 1.37774 0 1.34451 
-0.408831 6.66134e-16 -0.417367 0.429934 1.73205 0.563079 0.0368225 0 -0.00285805 1.35732 0 1.34451 
-0.42193 6.66134e-16 -0.39812 0.440166 1.73205 0.578294 0.0286374 0 -0.00291841 1.33199 0 1.30693 
-0.422721 6.66134e-16 -0.391167 0.440487 1.73205 0.586708 0.0318021 0 -0.0035073 1.30124 0 1.277 
-0.42243 6.66134e-16 -0.390866 0.450123 1.73205 0.595214 0.0254589 0 -0.00455915 1.2352 0 1.23332 
-0.421899 6.66134e-16 -0.362106 0.466021 1.73205 0.616316 0.0272111 0 -0.00472488 1.21624 0 1.188 
-0.429476 6.66134e-16 -0.35282 0.497743 1.73205 0.627318 0.00532179 0 -0.00519768 1.16758 0 1.15278 
-0.378834 6.66134e-16 -0.332302 0.513999 1.73205 0.638449 0.0250832 0 -0.00522048 1.15343 0 1.13673 
-0.392776 6.66134e-16 -0.325441 0.533512 1.73205 0.650267 0.028354 0 -0.00583046 1.14191 0 1.0932 
-0.321602 6.66134e-16 -0.316385 0.580014 1.73205 0.662517 0.0291557 0 -0.00630554 1.08602 0 1.05196 
-0.332172 6.66134e-16 -0.303624 0.593553 1.73205 0.674592 0.0226271 0 -0.00667054 1.04861 0 1.01715 
-0.271469 6.66134e-16 -0.290719 0.636065 1.73205 0.686693 0.0252206 0 -0.00702449 1.01384 0 0.981904 
-0.242028 6.66134e-16 -0.277651 0.646064 1.73205 0.698775 0.0364217 0 -0.00736305 0.982211 0 0.94633 
-0.239144 6.66134e-16 -0.267594 0.670076 1.73205 0.71168 0.0178649 0 -0.00769329 0.945787 0 0.903111 
-0.231041 6.66134e-16 -0.253893 0.705953 1.73205 0.723682 0.0148681 0 -0.00800683 0.879166 0 0.867156 
-0.231699 6.66134e-16 -0.225478 0.728026 1.73205 0.747039 0.0121629 0 -0.00862088 0.868787 0 0.795746 
-0.228842 6.66134e-16 -0.203868 0.770555 1.73205 0.755336 0.00383697 0 -0.00896622 0.79322 0 0.778452 
-0.199058 6.66134e-16 -0.203868 0.792304 1.73205 0.755336 -0.00506726 0 -0.00896622 0.769347 0 0.778452 
-0.201998 6.66134e-16 -0.181513 0.80181 1.73205 0.780029 -0.00387908 0 -0.0094431 0.753598 0 0.687569 
-0.154795 6.66134e-16 -0.16596 0.84361 1.73205 0.78989 -0.022627 0 -0.00969566 0.70088 0 0.653603 
-0.137608 6.66134e-16 -0.149345 0.835133 1.73205 0.79864 -0.00743063 0 -0.00994069 0.667945 0 0.623566 
-0.130643 6.66134e-16 -0.133842 0.846883 1.73205 0.807475 -0.0116135 0 -0.0101513 0.648488 0 0.590765 
-0.10605 6.66134e-16 -0.118446 0.860465 1.73205 0.815801 -0.00328354 0 -0.0103443 0.600369 0 0.558626 
-0.105573 6.66134e-16 -0.0987746 0.86562 1.73205 0.820583 -0.00176993 0 -0.0105603 0.585409 0 0.542872 
-0.069866 6.66134e-16 -0.0864756 0.874527 1.73205 0.829776 -0.00270306 0 -0.0106713 0.532334 0 0.502434 
-0.0510972 6.66134e-16 -0.0746588 0.877583 1.73205 0.835344 0.0107997 0 -0.0107702 0.492754 0 0.478177 
-0.0608806 6.66134e-16 -0.0572654 0.876281 1.73205 0.843223 -0.00145754 0 -0.0108909 0.47549 0 0.442646 
-0.0393564 6.66134e-16 -0.0438887 0.861648 1.73205 0.850067 0.00387719 0 -0.0109551 0.438557 0 0.410951 
-0.0527705 6.66134e-16 -0.0308624 0.865172 1.73205 0.856708 0.00163525 0 -0.0109937 0.419325 0 0.38011 
-0.0274766 6.66134e-16 -0.0111966 0.869164 1.73205 0.867436 -0.00587594 0 -0.0110146 0.36798 0 0.331534 
-0.0151408 6.66134e-16 0.00566397 0.847509 1.73205 0.869299 0.000840259 0 -0.0110471 0.345865 0 0.318365 
-0.00245961 6.66134e-16 0.0196789 0.861576 1.73205 0.880256 0.0125548 0 -0.0110114 0.308569 0 0.272916 
0.0238248 6.66134e-16 0.0356481 0.861862 1.73205 0.881581 0.0127973 0 -0.0110165 0.272416 0 0.260782 
0.0166135 6.66134e-16 0.0462239 0.885259 1.73205 0.887861 0.00541932 0 -0.0109858 0.260502 0 0.234803 
0.0283936 6.66134e-16 0.0554881 0.89595 1.73205 0.895093 0.00731158 0 -0.010951 0.234501 0 0.207595 
0.028447 6.66134e-16 0.0699194 0.898764 1.73205 0.895882 0.00760119 0 -0.0109371 0.234501 0 0.196879 
0.0660029 6.66134e-16 0.0780804 0.912641 1.73205 0.903103 0.00741087 0 -0.0108855 0.195311 0 0.171302 
0.0749089 6.66134e-16 0.0848344 0.915079 1.73205 0.911548 0.00665982 0 -0.010821 0.176428 0 0.144825 
0.0780541 6.66134e-16 0.0934245 0.91271 1.73205 0.917216 0.013021 0 -0.0107658 0.139536 0 0.125528 
0.0830109 6.66134e-16 0.108142 0.921069 1.73205 0.930225 0.0139433 0 -0.010648 0.0992945 0 0.0875241 
0.0813685 6.66134e-16 0.119296 0.91777 1.73205 0.930607 0.0135778 0 -0.0106086 0.0993004 0 0.0795901 
0.0997438 6.66134e-16 0.121879 0.913808 1.73205 0.942899 0.0128935 0 -0.0105658 0.0689665 0 0.054685 
0.109139 6.66134e-16 0.130166 0.935071 1.73205 0.949577 0.00977086 0 -0.0105282 0.047588 0 0.0381464 
0.112577 6.66134e-16 0.147218 0.940969 1.73205 0.950504 0.0104504 0 -0.0104701 0.0475738 0 0.0268003 
0.132593 6.66134e-16 0.144741 0.97393 1.73205 0.96962 0.00513517 0 -0.0104805 0.0202599 0 -0.00122498 
0.135143 6.66134e-16 0.148755 0.981975 1.73205 0.97759 0.00636898 0 -0.0104856 0.0132738 0 -0.0145171 
0.154698 6.66134e-16 0.156685 0.999878 1.73205 0.98339 0.00157558 0 -0.0104768 -0.00683664 0 -0.0262323 
0.147244 6.66134e-16 0.156685 1.00357 1.73205 0.98339 0.00181504 0 -0.0104768 -0.0153214 0 -0.0262323 
0.149817 6.66134e-16 0.157966 1.02103 1.73205 1.00263 -0.000211572 0 -0.0105712 -0.0433907 0 -0.049994 
0.152405 6.66134e-16 0.164199 1.01465 1.73205 1.00346 0.00844883 0 -0.0105542 -0.0474965 0 -0.0535856 
0.149851 6.66134e-16 0.168653 1.01703 1.73205 1.01858 -0.00058324 0 -0.0106369 -0.0594398 0 -0.0703651 
0.156606 6.66134e-16 0.16927 1.02392 1.73205 1.03082 0.00877021 0 -0.0107196 -0.0785741 0 -0.0809798 
0.160324 6.66134e-16 0.177143 1.0266 1.73205 1.03306 0.00915411 0 -0.0107109 -0.0785795 0 -0.0844626 
0.159706 6.66134e-16 0.177143 1.02772 1.73205 1.03306 0.0135862 0 -0.0107109 -0.0797161 0 -0.0844626 
0.165381 6.66134e-16 0.179539 1.06979 1.73205 1.05589 0.00371117 0 -0.0108503 -0.0937904 0 -0.0988834 
0.177959 6.66134e-16 0.176066 1.08649 1.73205 1.06952 0.00358677 0 -0.0109435 -0.101477 0 -0.105108 
0.184125 6.66134e-16 0.175658 1.09859 1.73205 1.07723 0.00276246 0 -0.0109886 -0.106216 0 -0.107982 
0.184296 6.66134e-16 0.174919 1.11717 1.73205 1.08493 0.00277391 0 -0.0110339 -0.105512 0 -0.110362 
0.186329 6.66134e-16 0.173879 1.12286 1.73205 1.09258 -0.00343494 0 -0.011082 -0.109775 0 -0.112279 
0.184532 6.66134e-16 0.173603 1.14301 1.73205 1.10154 -0.00203375 0 -0.0111331 -0.115438 0 -0.11332 
0.171208 6.66134e-16 0.170019 1.1467 1.73205 1.11239 -0.00625761 0 -0.0112113 -0.113036 0 -0.115089 
0.168652 6.66134e-16 0.166512 1.15718 1.73205 1.12362 -0.00034785 0 -0.0112906 -0.114108 0 -0.115812 
0.161902 6.66134e-16 0.164706 1.13977 1.73205 1.12976 0.0243413 0 -0.0113313 -0.116218 0 -0.115468 
0.161299 6.66134e-16 0.164706 1.15389 1.73205 1.12976 -9.47235e-05 0 -0.0113313 -0.116804 0 -0.115468 
0.152056 6.66134e-16 0.159446 1.16679 1.73205 1.14448 0.00392436 0 -0.0114122 -0.114266 0 -0.114099 
0.152182 6.66134e-16 0.159028 1.16635 1.73205 1.14588 0.0038678 0 -0.0114183 -0.114266 0 -0.112725 
0.15259 6.66134e-16 0.155902 1.15791 1.73205 1.15331 0.0158946 0 -0.0114581 -0.114066 0 -0.111448 
0.151381 6.66134e-16 0.151086 1.18391 1.73205 1.16435 -0.00500438 0 -0.0115208 -0.112933 0 -0.109843 
0.144918 6.66134e-16 0.147658 1.20019 1.73205 1.17168 -0.00971897 0 -0.0115518 -0.110886 0 -0.107929 
0.15269 6.66134e-16 0.14462 1.20331 1.73205 1.17774 -0.00111152 0 -0.0115734 -0.109172 0 -0.105844 
0.146631 6.66134e-16 0.141037 1.21038 1.73205 1.18481 -0.0057792 0 -0.0116024 -0.108827 0 -0.103473 
0.135359 6.66134e-16 0.136979 1.20731 1.73205 1.1928 0.000602558 0 -0.0116298 -0.103706 0 -0.10076 
0.122983 6.66134e-16 0.133361 1.21014 1.73205 1.19955 -0.00296938 0 -0.0116496 -0.100565 0 -0.0979692 
0.122983 6.66134e-16 0.133361 1.21014 1.73205 1.19955 -0.00296938 0 -0.0116496 -0.100565 0 -0.0979692 
0.126917 6.66134e-16 0.124914 1.22908 1.73205 1.21559 -0.00316122 0 -0.0117016 -0.0968808 0 -0.0912863 
0.130523 6.66134e-16 0.121744 1.26555 1.73205 1.22095 -0.0161765 0 -0.0117237 -0.0947822 0 -0.0882169 
0.114955 6.66134e-16 0.120127 1.23817 1.73205 1.22255 -0.000413382 0 -0.0117354 -0.0885376 0 -0.0859869 
0.117315 6.66134e-16 0.114668 1.26044 1.73205 1.23317 -0.00118282 0 -0.0117754 -0.0833064 0 -0.0813531 
0.0955214 6.66134e-16 0.10767 1.27024 1.73205 1.24484 -0.00689793 0 -0.0118143 -0.0741148 0 -0.0741415 
0.0940438 6.66134e-16 0.104201 1.27416 1.73205 1.2505 -0.00955981 0 -0.0118283 -0.0752612 0 -0.0704193 
0.0923455 6.66134e-16 0.102469 1.23737 1.73205 1.2521 0.0208747 0 -0.0118335 -0.0723511 0 -0.0681186 
0.0848656 6.66134e-16 0.095978 1.27046 1.73205 1.26348 0.00320767 0 -0.0118383 -0.0686227 0 -0.0611516 
0.084422 6.66134e-16 0.0908917 1.28341 1.73205 1.27262 0.00254262 0 -0.0118395 -0.0584844 0 -0.055617 
0.0887326 6.66134e-16 0.0878418 1.28352 1.73205 1.27837 -0.00198784 0 -0.0118419 -0.0568826 0 -0.0523727 
0.0944229 6.66134e-16 0.083961 1.28533 1.73205 1.28404 0.0160969 0 -0.0118442 -0.0535158 0 -0.0475873 
0.0887559 6.66134e-16 0.0824688 1.30391 1.73205 1.28558 0.00214446 0 -0.0118477 -0.048244 0 -0.045444 
0.0842596 6.66134e-16 0.0773421 1.32405 1.73205 1.29533 0.000936361 0 -0.0118338 -0.0470545 0 -0.0398583 
0.0736261 6.66134e-16 0.0759576 1.32622 1.73205 1.29681 -0.00557873 0 -0.0118374 -0.0400666 0 -0.0378109 
0.0780994 6.66134e-16 0.0724712 1.3396 1.73205 1.30275 -0.0041061 0 -0.0118342 -0.0385708 0 -0.0335494 
0.0741391 6.66134e-16 0.0696224 1.34381 1.73205 1.3079 -0.00646899 0 -0.0118334 -0.0356426 0 -0.0301487 
0.075936 6.66134e-16 0.0669224 1.35172 1.73205 1.31252 -0.00279667 0 -0.0118338 -0.0295929 0 -0.0267522 
0.0680003 6.66134e-16 0.064296 1.3573 1.73205 1.31702 -0.00514184 0 -0.0118348 -0.0278684 0 -0.0234401 
0.0631705 6.66134e-16 0.0611343 1.34408 1.73205 1.32267 -0.00414251 0 -0.0118363 -0.0255656 0 -0.0196273 
0.0659601 6.66134e-16 0.0601525 1.35963 1.73205 1.32388 -0.00126503 0 -0.0118388 -0.0224115 0 -0.0179692 
0.0615436 6.66134e-16 0.0562019 1.36271 1.73205 1.33125 -0.0019482 0 -0.0118395 -0.015259 0 -0.0134998 
0.0545744 6.66134e-16 0.0527956 1.36694 1.73205 1.33714 0.00130111 0 -0.0118396 -0.0105675 0 -0.00887336 
0.0459106 6.66134e-16 0.0502802 1.36274 1.73205 1.34187 -0.00160785 0 -0.0118388 -0.00538893 0 -0.00588771 
0.0466326 6.66134e-16 0.0464425 1.38032 1.73205 1.34937 -0.00257159 0 -0.0118293 -0.00330475 0 -0.00104987 
0.0380062 6.66134e-16 0.0434193 1.38256 1.73205 1.35543 -0.00546057 0 -0.0118134 -0.00159882 0 0.00227649 
0.0379573 6.66134e-16 0.0432839 1.38269 1.73205 1.35597 -0.00544046 0 -0.0118101 -0.00159879 0 0.00291577 
0.037237 6.66134e-16 0.0403841 1.38573 1.73205 1.36188 0.00224737 0 -0.0117859 0.00346429 0 0.00577793 
0.0387279 6.66134e-16 0.0385545 1.3912 1.73205 1.36608 -0.000403446 0 -0.0117681 0.00570825 0 0.00798658 
0.0385983 6.66134e-16 0.0340425 1.40108 1.73205 1.376 0.00210088 0 -0.0117271 0.0115648 0 0.0122362 
0.0346654 6.66134e-16 0.0342774 1.40924 1.73205 1.37676 -0.00383019 0 -0.0117165 0.0122751 0 0.0129333 
0.0252285 6.66134e-16 0.0313973 1.40559 1.73205 1.38305 -0.00118285 0 -0.0116897 0.0171759 0 0.0151929 
0.0349807 6.66134e-16 0.0304295 1.41981 1.73205 1.38614 -0.0035119 0 -0.0116723 0.0136846 0 0.0164259 
0.03778 6.66134e-16 0.0285815 1.43099 1.73205 1.39083 -0.0016111 0 -0.0116512 0.0165877 0 0.0180206 
0.0350277 6.66134e-16 0.0277776 1.44222 1.73205 1.39447 -0.0080842 0 -0.0116289 0.0177198 0 0.0193374 
0.0345947 6.66134e-16 0.0269909 1.446 1.73205 1.39783 -0.00637894 0 -0.0116095 0.0179021 0 0.0204264 
0.0376625 6.66134e-16 0.0257568 1.47564 1.73205 1.40058 -0.020472 0 -0.011601 0.0181846 0 0.0211685 
0.0294649 6.66134e-16 0.0243692 1.45513 1.73205 1.40634 -0.0107388 0 -0.0115716 0.0227927 0 0.0227256 
0.0296307 6.66134e-16 0.0238252 1.4511 1.73205 1.40902 -0.00108479 0 -0.0115562 0.0213313 0 0.0233439 
0.0272586 6.66134e-16 0.0233776 1.44909 1.73205 1.4116 -0.00129221 0 -0.0115392 0.0224336 0 0.0238601 
0.0202097 6.66134e-16 0.0227517 1.4445 1.73205 1.41454 -0.000275277 0 -0.0115152 0.0244808 0 0.0243498 
0.0157076 6.66134e-16 0.0227021 1.45038 1.73205 1.41663 -0.00415906 0 -0.011489 0.0241421 0 0.0246095 
0.0195727 6.66134e-16 0.0224285 1.4421 1.73205 1.41916 0.00282749 0 -0.0114558 0.0251402 0 0.024849 
0.0189261 6.66134e-16 0.0221804 1.44841 1.73205 1.4217 0.00196814 0 -0.0114198 0.0243075 0 0.025 
0.0212382 6.66134e-16 0.0216725 1.44366 1.73205 1.4247 0.00598073 0 -0.0113779 0.024501 0 0.0251043 
0.0183363 6.66134e-16 0.021772 1.44944 1.73205 1.42683 -0.000924851 0 -0.0113471 0.0247345 0 0.0250641 
0.0179307 6.66134e-16 0.023073 1.44909 1.73205 1.42721 -0.000984263 0 -0.0113351 0.0247346 0 0.0248617 
0.0191485 6.66134e-16 0.0202265 1.46932 1.73205 1.43392 -0.00601942 0 -0.0112563 0.0239323 0 0.0249043 
0.0148298 6.66134e-16 0.0218192 1.47462 1.73205 1.43666 -0.00370035 0 -0.0112151 0.0265922 0 0.0243491 
0.0136258 6.66134e-16 0.0217824 1.46807 1.73205 1.43888 0.00128602 0 -0.0111893 0.0239355 0 0.024072 
0.00558381 6.66134e-16 0.0230696 1.45211 1.73205 1.44094 0.00827516 0 -0.0111636 0.0256158 0 0.0235271 
0.00558381 6.66134e-16 0.0230696 1.45211 1.73205 1.44094 0.00827516 0 -0.0111636 0.0256158 0 0.0235271 
0.00709488 6.66134e-16 0.0234277 1.46292 1.73205 1.44582 -0.000113568 0 -0.0111153 0.0234422 0 0.0226167 
0.00761124 6.66134e-16 0.0248721 1.46421 1.73205 1.44617 0.000102518 0 -0.0111102 0.0234419 0 0.0222728 
0.014415 6.66134e-16 0.0270721 1.46607 1.73205 1.44671 0.0058205 0 -0.0111022 0.0235224 0 0.0217363 
0.0192822 6.66134e-16 0.0248864 1.43982 1.73205 1.45311 0.0287847 0 -0.0110533 0.0217649 0 0.0208023 
0.0209887 6.66134e-16 0.0256976 1.47814 1.73205 1.45573 -0.000229027 0 -0.0110339 0.0226743 0 0.0200231 
0.01824 6.66134e-16 0.0253743 1.46451 1.73205 1.45812 0.0134839 0 -0.0110234 0.0184902 0 0.0195038 
0.0160495 6.66134e-16 0.0264431 1.48916 1.73205 1.46037 -0.00616437 0 -0.0110096 0.0186331 0 0.0187135 
0.0333736 6.66134e-16 0.0265657 1.48893 1.73205 1.46339 -0.000514965 0 -0.0110005 0.0129376 0 0.0178937 
0.0205954 6.66134e-16 0.0267082 1.49652 1.73205 1.46642 -0.00469866 0 -0.0109972 0.0165997 0 0.0170435 
0.013207 6.66134e-16 0.0274478 1.48672 1.73205 1.46858 0.000864964 0 -0.0109963 0.0208879 0 0.0162902 
0.0131593 6.66134e-16 0.0293365 1.48694 1.73205 1.46904 0.000901808 0 -0.0109949 0.0208879 0 0.0157669 
0.0185338 6.66134e-16 0.0292705 1.49131 1.73205 1.47247 0.00211618 0 -0.0110033 0.0167502 0 0.0148242 
0.0226191 6.66134e-16 0.0295368 1.49824 1.73205 1.47542 -0.00221227 0 -0.0110131 0.0160807 0 0.013934 
0.0286809 6.66134e-16 0.0284088 1.50756 1.73205 1.48051 0.0015266 0 -0.0110381 0.0124795 0 0.0126589 
0.0303248 6.66134e-16 0.0313046 1.52332 1.73205 1.48334 -0.00264884 0 -0.0110591 0.0141377 0 0.0112174 
0.0352856 6.66134e-16 0.0316523 1.52983 1.73205 1.48539 -0.00166319 0 -0.0110735 0.0103902 0 0.0105 
0.0347495 6.66134e-16 0.0323835 1.50693 1.73205 1.48745 0.0200906 0 -0.0110902 0.0101297 0 0.00969108 
0.0297118 6.66134e-16 0.0340996 1.52636 1.73205 1.48792 -0.00512206 0 -0.011097 0.0107945 0 0.00920998 
0.0334232 6.66134e-16 0.0338752 1.53736 1.73205 1.49133 -0.00348908 0 -0.0111277 0.0104524 0 0.00810429 
0.0332289 6.66134e-16 0.0342465 1.53184 1.73205 1.49376 -0.00135309 0 -0.0111529 0.00787416 0 0.00720179 
0.029226 6.66134e-16 0.0353002 1.52486 1.73205 1.49504 0.00274771 0 -0.0111689 0.00835326 0 0.00656589 
0.0266211 6.66134e-16 0.0359417 1.52274 1.73205 1.49689 0.00134979 0 -0.0111882 0.00951588 0 0.00581862 
0.0334765 6.66134e-16 0.0374515 1.5287 1.73205 1.49731 0.000222264 0 -0.011198 0.00741543 0 0.0054004 
0.0316231 6.66134e-16 0.0375927 1.53215 1.73205 1.50086 -0.000865191 0 -0.0112292 0.00438582 0 0.00421753 
0.0314954 6.66134e-16 0.0374475 1.52317 1.73205 1.50266 0.00589547 0 -0.0112436 0.0048097 0 0.00368079 
0.0359161 6.66134e-16 0.037815 1.53892 1.73205 1.50463 -0.00481884 0 -0.0112584 0.00280864 0 0.0030068 
0.0379804 6.66134e-16 0.0381283 1.50439 1.73205 1.50663 0.0228098 0 -0.0112694 0.00211538 0 0.00235389 
0.0457773 6.66134e-16 0.0381807 1.51689 1.73205 1.50895 0.0123149 0 -0.0112765 -0.00218036 0 0.00166588 
0.029602 6.66134e-16 0.0394484 1.53489 1.73205 1.50933 0.000263325 0 -0.0112803 0.00240907 0 0.00134295 
0.0343145 6.66134e-16 0.0387616 1.54119 1.73205 1.51267 -0.00158865 0 -0.0112814 0.000841497 0 0.000533441 
0.0312193 6.66134e-16 0.0387616 1.53787 1.73205 1.51267 0.00605176 0 -0.0112814 0.00176168 0 0.000533441 
0.0358583 6.66134e-16 0.0387148 1.53558 1.73205 1.51667 -0.000390451 0 -0.0112831 0.000198532 0 -0.000498649 
0.0362645 6.66134e-16 0.0391978 1.55198 1.73205 1.51845 -0.00449183 0 -0.0112853 -0.00110914 0 -0.00100137 
0.0346483 6.66134e-16 0.0390162 1.5556 1.73205 1.52079 -0.00190592 0 -0.0112904 -0.00346844 0 -0.00152142 
0.0325114 6.66134e-16 0.0388836 1.55342 1.73205 1.52463 0.00223777 0 -0.0113034 -0.00261071 0 -0.00234228 
0.0302012 6.66134e-16 0.0393269 1.5582 1.73205 1.52632 0.00545431 0 -0.0113112 -0.00118613 0 -0.00272707 
0.0226995 6.66134e-16 0.0401579 1.60822 1.73205 1.52893 -0.0333477 0 -0.0113225 -0.00151479 0 -0.00327463 
0.0423819 6.66134e-16 0.0383916 1.56691 1.73205 1.53366 0.00227899 0 -0.0113397 -0.00633332 0 -0.00393363 
0.0367796 6.66134e-16 0.0393042 1.55909 1.73205 1.53587 -0.00260301 0 -0.0113554 -0.00536553 0 -0.00430075 
0.0330244 6.66134e-16 0.0384957 1.57883 1.73205 1.53891 -0.00420178 0 -0.0113664 -0.0026168 0 -0.00466276 
0.0318891 6.66134e-16 0.0392108 1.58352 1.73205 1.54098 -0.00663973 0 -0.0113733 -0.00316869 0 -0.00491478 
0.0353502 6.66134e-16 0.0391133 1.58867 1.73205 1.54262 -0.00808123 0 -0.0113769 -0.00264134 0 -0.00507252 
0.0380818 6.66134e-16 0.0389724 1.58161 1.73205 1.54423 0.00141031 0 -0.0113789 -0.00510761 0 -0.00520766 
0.0395131 6.66134e-16 0.0385638 1.58764 1.73205 1.54737 -0.0022479 0 -0.0113779 -0.00476867 0 -0.0054121 
0.0368205 6.66134e-16 0.0385638 1.5923 1.73205 1.54737 -0.00177762 0 -0.0113779 -0.0063945 0 -0.0054121 
0.0378841 6.66134e-16 0.0378574 1.59091 1.73205 1.55066 -0.00544605 0 -0.0113715 -0.00535552 0 -0.00554348 
0.0400745 6.66134e-16 0.0378574 1.58888 1.73205 1.55066 -0.000858968 0 -0.0113715 -0.00459414 0 -0.00554348 
0.0393557 6.66134e-16 0.0373368 1.60152 1.73205 1.5534 -0.00695956 0 -0.0113575 -0.00804503 0 -0.00557648 
0.0361897 6.66134e-16 0.0369592 1.58993 1.73205 1.55489 -0.000176078 0 -0.0113481 -0.00645546 0 -0.00557278 
0.0334646 6.66134e-16 0.0362893 1.59691 1.73205 1.55799 -0.00173305 0 -0.0113169 -0.004969 0 -0.00547621 
0.036026 6.66134e-16 0.0351586 1.5911 1.73205 1.56084 0.00310818 0 -0.0112945 -0.00565512 0 -0.00539178 
0.0328963 6.66134e-16 0.0346509 1.57892 1.73205 1.56235 0.0103774 0 -0.0112785 -0.00641471 0 -0.00530841 
0.0289181 6.66134e-16 0.0333589 1.59078 1.73205 1.56516 -0.000539217 0 -0.011256 -0.00490007 0 -0.0051986 
0.0325815 6.66134e-16 0.0336025 1.59103 1.73205 1.56538 0.0055116 0 -0.0112432 -0.00667572 0 -0.00510561 
0.0292203 6.66134e-16 0.0325526 1.60146 1.73205 1.56837 -0.00298905 0 -0.0112096 -0.00445234 0 -0.00486052 
0.0320383 6.66134e-16 0.0325526 1.59849 1.73205 1.56837 0.00112715 0 -0.0112096 -0.0047473 0 -0.00486052 
0.0302705 6.66134e-16 0.0315527 1.60391 1.73205 1.57122 -0.00195369 0 -0.0111827 -0.00388623 0 -0.00458255 
0.0329892 6.66134e-16 0.0310788 1.60732 1.73205 1.57258 -0.00139424 0 -0.0111718 -0.00571583 0 -0.00443409 
0.0311812 6.66134e-16 0.0306233 1.61128 1.73205 1.57389 4.8916e-05 0 -0.0111626 -0.00359674 0 -0.00427966 
0.0323611 6.66134e-16 0.0308033 1.60894 1.73205 1.57411 -0.00113931 0 -0.0111578 -0.00462866 0 -0.00416323 
0.0350909 6.66134e-16 0.0297691 1.60725 1.73205 1.57636 0.0103032 0 -0.0111495 -0.00488768 0 -0.00395559 
0.0234717 6.66134e-16 0.0288585 1.60592 1.73205 1.57889 0.00721998 0 -0.0111389 -0.0023145 0 -0.00360456 
0.0210658 6.66134e-16 0.0290825 1.58554 1.73205 1.5792 0.0117656 0 -0.011132 -0.00295358 0 -0.00343396 
0.0278619 6.66134e-16 0.0286413 1.6084 1.73205 1.57994 0.0088861 0 -0.0111325 -0.0042449 0 -0.00339051 
0.0264856 6.66134e-16 0.0277914 1.6176 1.73205 1.58214 -0.00167406 0 -0.0111285 -0.00516584 0 -0.00307953 
0.0321393 6.66134e-16 0.0279497 1.60274 1.73205 1.58236 0.012447 0 -0.0111249 -0.00621842 0 -0.00295769 
0.0247246 6.66134e-16 0.0269686 1.61334 1.73205 1.58447 0.00125223 0 -0.0111334 -0.00546462 0 -0.00271163 
0.0227323 6.66134e-16 0.0265315 1.60516 1.73205 1.58566 0.00688566 0 -0.0111426 -0.00437717 0 -0.00252569 
0.0227323 6.66134e-16 0.0265315 1.60516 1.73205 1.58566 0.00688566 0 -0.0111426 -0.00437717 0 -0.00252569 
0.0253919 6.66134e-16 0.0255948 1.60903 1.73205 1.58815 0.00396781 0 -0.0111743 -0.00439543 0 -0.00215132 
0.0195576 6.66134e-16 0.0250971 1.61831 1.73205 1.58944 0.0021454 0 -0.0111967 -0.00245699 0 -0.00196326 
0.0178634 6.66134e-16 0.024582 1.62141 1.73205 1.59077 -0.00606283 0 -0.0112231 -0.00328478 0 -0.0017755 
0.0179484 6.66134e-16 0.0247703 1.62151 1.73205 1.59101 -0.00604363 0 -0.0112276 -0.00328496 0 -0.00165988 
0.0198559 6.66134e-16 0.0235086 1.61808 1.73205 1.59353 0.00424636 0 -0.0112851 -0.0012891 0 -0.00140157 
0.0169972 6.66134e-16 0.0221999 1.61489 1.73205 1.59611 0.0030554 0 -0.0113504 -9.145e-05 0 -0.00114217 
0.00845207 6.66134e-16 0.021867 1.62444 1.73205 1.59777 0.00205824 0 -0.0113931 0.000447934 0 -0.000850325 
0.0162857 6.66134e-16 0.0213401 1.62924 1.73205 1.59917 0.000646624 0 -0.0114295 -0.00378958 0 -0.000671353 
0.0123103 6.66134e-16 0.0208346 1.63114 1.73205 1.60057 -8.44344e-05 0 -0.0114658 -0.000158236 0 -0.000495765 
0.0106768 6.66134e-16 0.0205721 1.6418 1.73205 1.60217 -0.00473479 0 -0.0115076 -0.000195638 0 -0.000248246 
0.0175724 6.66134e-16 0.019447 1.62789 1.73205 1.60472 0.00425601 0 -0.011568 -0.00249708 0 3.48762e-06 
0.01776 6.66134e-16 0.0197502 1.62804 1.73205 1.60499 0.00428504 0 -0.0115762 -0.00249725 0 9.04364e-05 
0.00659838 6.66134e-16 0.018591 1.67018 1.73205 1.60748 -0.0276418 0 -0.0116296 -0.000245968 0 0.000308875 
0.00241173 6.66134e-16 0.0181742 1.64361 1.73205 1.60887 -0.000756702 0 -0.0116572 0.00498453 0 0.000451952 
0.00474523 6.66134e-16 0.017204 1.64201 1.73205 1.61189 0.000573214 0 -0.0117061 0.00385949 0 0.000728715 
0.0137288 6.66134e-16 0.016952 1.64019 1.73205 1.61305 0.00929658 0 -0.0117192 0.00146787 0 0.000838798 
0.0158708 6.66134e-16 0.0165588 1.65133 1.73205 1.61442 -0.000695224 0 -0.0117289 0.00120183 0 0.000953467 
0.0202958 6.66134e-16 0.0161794 1.65128 1.73205 1.61576 0.000836676 0 -0.0117334 -0.000181952 0 0.00106064 
0.0202958 6.66134e-16 0.0161794 1.65128 1.73205 1.61576 0.000836676 0 -0.0117334 -0.000181952 0 0.00106064 
0.0196573 6.66134e-16 0.0161513 1.65705 1.73205 1.61727 0.000699868 0 -0.011732 0.00217923 0 0.00120634 
0.0192008 6.66134e-16 0.0152817 1.65454 1.73205 1.6193 -0.000137949 0 -0.0117234 -0.00217223 0 0.0013265 
0.0180742 6.66134e-16 0.0150987 1.67381 1.73205 1.62024 -0.00435769 0 -0.0117148 0.000863745 0 0.00139493 
0.0222521 6.66134e-16 0.0140117 1.68884 1.73205 1.62268 -0.00783591 0 -0.0116891 -0.00147369 0 0.00152157 
0.0221578 6.66134e-16 0.0142965 1.68862 1.73205 1.62282 -0.00787848 0 -0.0116808 -0.00147398 0 0.00154764 
0.0158459 6.66134e-16 0.0138305 1.66741 1.73205 1.62452 -0.00420738 0 -0.0116437 0.000144019 0 0.00163679 
0.0193633 6.66134e-16 0.0135734 1.6721 1.73205 1.62542 -0.00387993 0 -0.0116184 -2.5028e-05 0 0.00167711 
0.0206725 6.66134e-16 0.0135846 1.67186 1.73205 1.62589 -0.00726264 0 -0.0115973 -0.00166689 0 0.00169891 
0.0206477 6.66134e-16 0.0138417 1.67182 1.73205 1.62596 -0.00726895 0 -0.0115815 -0.00166689 0 0.00170521 
0.0155901 6.66134e-16 0.0136691 1.67674 1.73205 1.62676 -0.0062481 0 -0.0115459 0.000176197 0 0.00172944 
0.0152184 6.66134e-16 0.0136691 1.68207 1.73205 1.62676 -0.00609148 0 -0.0115459 0.000960083 0 0.00172944 
0.0111045 6.66134e-16 0.0128838 1.67 1.73205 1.62851 -0.00284062 0 -0.0114683 0.00232987 0 0.00176758 
0.0127723 6.66134e-16 0.0129074 1.64746 1.73205 1.62911 0.00606048 0 -0.0114116 0.00192348 0 0.00176912 
0.00965251 6.66134e-16 0.0127293 1.66815 1.73205 1.62968 0.0048116 0 -0.0113687 0.00269202 0 0.00177098 
0.00808504 6.66134e-16 0.0125994 1.641 1.73205 1.63025 0.0232879 0 -0.0113173 0.00438353 0 0.0017676 
0.00747086 6.66134e-16 0.012626 1.64749 1.73205 1.63082 0.00687534 0 -0.0112427 0.00248691 0 0.00175153 
0.00750283 6.66134e-16 0.0125213 1.66408 1.73205 1.63129 0.00250449 0 -0.0111956 0.00254583 0 0.00174187 
0.00558024 6.66134e-16 0.0123589 1.66428 1.73205 1.63199 -0.00512316 0 -0.0111246 0.00127319 0 0.00172276 
0.00593904 6.66134e-16 0.0119828 1.66371 1.73205 1.6331 0.00121738 0 -0.011035 0.00123898 0 0.00169341 
0.011087 6.66134e-16 0.011829 1.66779 1.73205 1.63374 0.0012149 0 -0.0109837 0.00156026 0 0.0016678 
0.012137 6.66134e-16 0.0116331 1.67462 1.73205 1.63503 -0.00455201 0 -0.0108846 0.000473217 0 0.00159524 
0.0132617 6.66134e-16 0.0113612 1.68128 1.73205 1.63567 -0.0043866 0 -0.0108534 -0.00025669 0 0.00157123 
0.0121672 6.66134e-16 0.0113296 1.68396 1.73205 1.63631 -0.00524904 0 -0.0108091 0.000392139 0 0.00152103 
0.00776231 6.66134e-16 0.0109317 1.70589 1.73205 1.63753 -0.0107465 0 -0.0107515 0.00204999 0 0.00145094 
0.00784306 6.66134e-16 0.0112194 1.70594 1.73205 1.63756 -0.0107376 0 -0.0107354 0.00205027 0 0.00141823 
0.0126807 6.66134e-16 0.010665 1.68164 1.73205 1.63872 -0.00548062 0 -0.0106941 0.000878937 0 0.00136084 
0.0153643 6.66134e-16 0.0105323 1.6836 1.73205 1.6393 -0.00587341 0 -0.0106667 -0.0016653 0 0.00131345 
0.0153643 6.66134e-16 0.0105323 1.6836 1.73205 1.6393 -0.00587341 0 -0.0106667 -0.0016653 0 0.00131345 
0.0132563 6.66134e-16 0.0102671 1.7024 1.73205 1.64047 -0.0149057 0 -0.010614 0.000807428 0 0.00121534 
0.013885 6.66134e-16 0.0101387 1.72884 1.73205 1.64104 -0.0251209 0 -0.0105877 -1.23803e-06 0 0.00116505 
0.013885 6.66134e-16 0.0101387 1.72884 1.73205 1.64104 -0.0251209 0 -0.0105877 -1.23803e-06 0 0.00116505 
0.00771091 6.66134e-16 0.00990527 1.67393 1.73205 1.64214 0.000671822 0 -0.0105341 0.00224313 0 0.0010639 
0.00167439 6.66134e-16 0.00980458 1.68577 1.73205 1.64267 -0.006936 0 -0.0105053 0.00119412 0 0.00101428 
0.00164279 6.66134e-16 0.0100619 1.68578 1.73205 1.64268 -0.0069353 0 -0.0104908 0.00119412 0 0.000980535 
0.0112011 6.66134e-16 0.00963776 1.67737 1.73205 1.64367 0.0009502 0 -0.0104478 -0.000672097 0 0.00091788 
0.00602755 6.66134e-16 0.00952186 1.68385 1.73205 1.64415 -0.00286019 0 -0.010421 0.00101492 0 0.00087743 
-0.00151973 6.66134e-16 0.00958177 1.64062 1.73205 1.64454 0.0208378 0 -0.0103957 0.00327469 0 0.000827179 
-0.000591708 6.66134e-16 0.00948785 1.68148 1.73205 1.64512 -0.00682603 0 -0.0103617 -0.000221442 0 0.000778835 
-0.00184118 6.66134e-16 0.00947167 1.67918 1.73205 1.64562 -0.00635667 0 -0.0103318 0.000179616 0 0.000733992 
-0.00251136 6.66134e-16 0.00947227 1.68394 1.73205 1.64614 -0.0063586 0 -0.0103029 0.000981397 0 0.00069 
-0.00484266 6.66134e-16 0.00943213 1.67474 1.73205 1.64678 -0.000165415 0 -0.010269 0.00138073 0 0.000644496 
-0.00484266 6.66134e-16 0.00943213 1.67474 1.73205 1.64678 -0.000165415 0 -0.010269 0.00138073 0 0.000644496 
-0.00158898 6.66134e-16 0.00955843 1.68973 1.73205 1.64782 -0.0102499 0 -0.0102235 0.000771153 0 0.000561795 
-0.00139078 6.66134e-16 0.00988017 1.68981 1.73205 1.6479 -0.0102344 0 -0.0102251 0.000771245 0 0.000531234 
1.21982e-05 6.66134e-16 0.00967106 1.6728 1.73205 1.64899 -0.000608653 0 -0.0101789 0.00195518 0 0.000478646 
-0.000812227 6.66134e-16 0.0100055 1.69008 1.73205 1.64966 -0.00732592 0 -0.0101578 0.00108195 0 0.000415317 
-0.00081899 6.66134e-16 0.00988162 1.69061 1.73205 1.65077 -0.00646901 0 -0.0101204 0.00113497 0 0.000359189 
0.00195569 6.66134e-16 0.0100913 1.68463 1.73205 1.65141 -0.00297797 0 -0.0100995 0.000774365 0 0.000310697 
0.00080313 6.66134e-16 0.0100315 1.68512 1.73205 1.65198 -0.00114601 0 -0.010081 -0.00128328 0 0.000283914 
0.000971169 6.66134e-16 0.0103661 1.6855 1.73205 1.65207 -0.00107243 0 -0.0100747 -0.00128324 0 0.0002594 
0.0115679 6.66134e-16 0.0101695 1.70363 1.73205 1.65318 0.00135932 0 -0.0100375 -0.00105736 0 0.000213607 
0.00271472 6.66134e-16 0.0102254 1.69581 1.73205 1.65378 -0.00289026 0 -0.0100148 0.000822579 0 0.00018054 
0.00537313 6.66134e-16 0.010269 1.69284 1.73205 1.65438 0.000353063 0 -0.00999133 0.00189468 0 0.000148771 
0.00915934 6.66134e-16 0.0102986 1.70453 1.73205 1.65496 -0.00167706 0 -0.00996741 -0.000804652 0 0.000118425 
0.0129359 6.66134e-16 0.0100568 1.69241 1.73205 1.65601 0.00321187 0 -0.00992956 -0.00043096 0 8.01266e-05 
0.0126623 6.66134e-16 0.0100519 1.69779 1.73205 1.65707 -1.11725e-05 0 -0.00988367 -0.00067705 0 2.77246e-05 
0.0129768 6.66134e-16 0.00999458 1.69112 1.73205 1.65807 0.00187923 0 -0.00983944 -0.000902479 0 -2.07355e-05 
0.0110031 6.66134e-16 0.0101402 1.69682 1.73205 1.65858 -0.00106457 0 -0.00980675 -0.00131503 0 -5.62369e-05 
0.0136504 6.66134e-16 0.0102385 1.69395 1.73205 1.65906 0.00388889 0 -0.00977451 -0.000124092 0 -8.75321e-05 
0.00991855 6.66134e-16 0.00964164 1.6955 1.73205 1.66028 0.00452779 0 -0.00974954 -0.00249849 0 -0.000124667 
0.0137925 6.66134e-16 0.0097883 1.70297 1.73205 1.66069 -0.00277728 0 -0.00970945 -0.00114012 0 -0.000156838 
0.00950947 6.66134e-16 0.00949236 1.70537 1.73205 1.66127 -0.00253118 0 -0.00969658 -0.00337408 0 -0.000177332 
0.000796575 6.66134e-16 0.00923603 1.71177 1.73205 1.66176 -0.00512627 0 -0.00968728 0.00134073 0 -0.000194608 
0.0072557 6.66134e-16 0.00899386 1.70318 1.73205 1.66243 -0.00366141 0 -0.00966294 -0.00201511 0 -0.000217171 
0.00171905 6.66134e-16 0.00854281 1.71476 1.73205 1.66307 -2.35713e-06 0 -0.00966229 0.0013914 0 -0.000233696 
0.00349874 6.66134e-16 0.0083879 1.70503 1.73205 1.66335 -0.00292137 0 -0.00965658 7.19622e-07 0 -0.000238649 
0.0070241 6.66134e-16 0.00794283 1.70487 1.73205 1.66413 -0.00154706 0 -0.00963594 -0.00121105 0 -0.000246606 
0.009896 6.66134e-16 0.00782545 1.71659 1.73205 1.66439 -0.00512492 0 -0.00962587 -0.00227123 0 -0.000245356 
-0.00287302 6.66134e-16 0.00769439 1.70059 1.73205 1.66459 0.00130668 0 -0.00962115 -0.000682108 0 -0.000246318 
0.000616221 6.66134e-16 0.00754998 1.7174 1.73205 1.66484 -0.000430191 0 -0.0096129 0.00179001 0 -0.000245277 
0.00331219 6.66134e-16 0.00725328 1.70114 1.73205 1.66534 0.00283598 0 -0.00959613 -0.00166351 0 -0.000240782 
0.00634378 6.66134e-16 0.00729487 1.70005 1.73205 1.66534 0.00275609 0 -0.00959327 -0.00212763 0 -0.000236076 
0.00150042 6.66134e-16 0.00700283 1.6997 1.73205 1.6658 0.0022717 0 -0.00957755 -0.00138099 0 -0.000228638 
0.00398246 6.66134e-16 0.00688232 1.69916 1.73205 1.66603 0.00325281 0 -0.00956959 -0.00117511 0 -0.00022187 
0.00398246 6.66134e-16 0.00688232 1.69916 1.73205 1.66603 0.00325281 0 -0.00956959 -0.00117511 0 -0.00022187 
-0.00125113 6.66134e-16 0.00666572 1.70375 1.73205 1.66646 -0.000142621 0 -0.00955642 -0.000527091 0 -0.000204381 
-0.00128046 6.66134e-16 0.00674369 1.70384 1.73205 1.66647 -0.000125769 0 -0.00955494 -0.000527078 0 -0.000193609 
-0.00291218 6.66134e-16 0.00661174 1.70109 1.73205 1.66672 -0.00551202 0 -0.00955069 0.0016968 0 -0.000181451 
-0.00889407 6.66134e-16 0.00624452 1.72185 1.73205 1.6674 -0.00564678 0 -0.00954872 0.00344394 0 -0.000148204 
-0.000119766 6.66134e-16 0.006321 1.70292 1.73205 1.66741 0.000880509 0 -0.00955096 -0.00102455 0 -0.000133689 
0.00129901 6.66134e-16 0.00627745 1.70576 1.73205 1.66759 -8.3144e-05 0 -0.0095556 -0.000527441 0 -0.000115601 
0.00130689 6.66134e-16 0.00635588 1.70581 1.73205 1.66761 -7.2435e-05 0 -0.00955893 -0.000527445 0 -0.000100039 
-0.00318609 6.66134e-16 0.00604222 1.70166 1.73205 1.66818 -0.00390025 0 -0.00956561 0.00149994 0 -7.11793e-05 
-0.00409232 6.66134e-16 0.00598834 1.72125 1.73205 1.6684 -0.00148142 0 -0.00956431 0.00126221 0 -4.97519e-05 
0.00100362 6.66134e-16 0.00587379 1.70793 1.73205 1.66886 0.00140485 0 -0.00954985 -0.00107321 0 -5.13396e-06 
-0.00230373 6.66134e-16 0.00580805 1.70548 1.73205 1.66908 -0.00140249 0 -0.00953708 0.000551631 0 1.75193e-05 
-0.00233793 6.66134e-16 0.00588276 1.70539 1.73205 1.66911 -0.00141893 0 -0.00953502 0.000551613 0 3.33768e-05 
-0.00139946 6.66134e-16 0.00570572 1.71185 1.73205 1.66935 -0.00369778 0 -0.00951809 -0.000928198 0 4.1185e-05 
0.00181383 6.66134e-16 0.00546801 1.7051 1.73205 1.66982 0.00287931 0 -0.00947706 -0.00147838 0 7.72475e-05 
-0.00255431 6.66134e-16 0.00547097 1.70426 1.73205 1.67012 0.000219052 0 -0.00944686 -0.000305968 0 0.000125839 
-0.00090789 6.66134e-16 0.0053266 1.70078 1.73205 1.67046 0.0022198 0 -0.00941165 -0.000567826 0 0.000157187 
0.0012427 6.66134e-16 0.00514511 1.71199 1.73205 1.67083 -0.000996516 0 -0.00937366 -0.000831805 0 0.000185514 
-0.00132007 6.66134e-16 0.00511074 1.71046 1.73205 1.67105 -0.00324039 0 -0.00935086 0.000155741 0 0.000211121 
-0.00125137 6.66134e-16 0.00519257 1.71062 1.73205 1.67108 -0.00321035 0 -0.00934649 0.000155738 0 0.000224942 
0.000682489 6.66134e-16 0.00498868 1.71391 1.73205 1.67144 -0.00269911 0 -0.00931154 -0.000786101 0 0.000247821 
-0.00122082 6.66134e-16 0.00493335 1.71153 1.73205 1.67162 -0.00280711 0 -0.00929453 -0.000699833 0 0.000264642 
0.0020074 6.66134e-16 0.0048379 1.71595 1.73205 1.67195 -0.00163776 0 -0.00926656 -0.00122331 0 0.00029388 
0.0020074 6.66134e-16 0.0048379 1.71595 1.73205 1.67195 -0.00163776 0 -0.00926656 -0.00122331 0 0.00029388 
0.00234851 6.66134e-16 0.00476968 1.7176 1.73205 1.67225 -0.00383997 0 -0.00924433 -0.00181419 0 0.000317392 
-0.00221389 6.66134e-16 0.00465116 1.70891 1.73205 1.6725 0.0002376 0 -0.00922884 0.00107118 0 0.000328452 
0.00116157 6.66134e-16 0.00481606 1.71234 1.73205 1.67255 -0.00130719 0 -0.00922535 -0.00162996 0 0.000342147 
0.000403761 6.66134e-16 0.00475738 1.70947 1.73205 1.67274 -0.000592301 0 -0.00922044 -4.18426e-05 0 0.000349205 
-0.00151387 6.66134e-16 0.00477942 1.68293 1.73205 1.67285 0.0149876 0 -0.00922193 -0.000126607 0 0.000354815 
-0.00163681 6.66134e-16 0.00487802 1.68285 1.73205 1.67288 0.014971 0 -0.00922857 -0.000126316 0 0.000359406 
-0.00226869 6.66134e-16 0.00492405 1.70657 1.73205 1.67318 0.000293085 0 -0.00923816 -4.44171e-06 0 0.000368694 
-0.00383917 6.66134e-16 0.00479852 1.71664 1.73205 1.67353 -0.0100255 0 -0.00924034 -0.0010977 0 0.00037354 
-0.002616 6.66134e-16 0.00491893 1.70881 1.73205 1.67359 -0.000821384 0 -0.00925433 0.000146012 0 0.000376526 
-0.000961759 6.66134e-16 0.00488247 1.70921 1.73205 1.67384 3.72419e-05 0 -0.00926764 -0.000805101 0 0.000379328 
0.00150875 6.66134e-16 0.00491795 1.71591 1.73205 1.67401 -0.00351958 0 -0.00928615 0.000242355 0 0.000381055 
-0.00800155 6.66134e-16 0.00495525 1.70853 1.73205 1.67418 -0.00215056 0 -0.00930723 0.00182269 0 0.000381725 
-0.00800155 6.66134e-16 0.00495525 1.70853 1.73205 1.67418 -0.00215056 0 -0.00930723 0.00182269 0 0.000381725 
0.00422357 6.66134e-16 0.00502343 1.70896 1.73205 1.67454 -0.000530008 0 -0.00935847 -0.000748706 0 0.000379313 
-0.00120278 6.66134e-16 0.00507621 1.70892 1.73205 1.67471 0.00122921 0 -0.00938713 -0.000534718 0 0.000376302 
-0.00113998 6.66134e-16 0.00522673 1.70887 1.73205 1.6748 0.00122044 0 -0.00941022 -0.000534749 0 0.000373002 
0.00150825 6.66134e-16 0.00522357 1.71196 1.73205 1.67506 -0.00233395 0 -0.00944701 -0.000379601 0 0.000366073 
-0.00136283 6.66134e-16 0.00529975 1.70172 1.73205 1.67525 0.00348014 0 -0.00947952 0.000664322 0 0.000358337 
-0.0014235 6.66134e-16 0.00547652 1.70166 1.73205 1.67534 0.00346819 0 -0.00950569 0.000664376 0 0.000351727 
-0.00121905 6.66134e-16 0.00556847 1.71275 1.73205 1.67554 -0.00162304 0 -0.00953969 -0.000367648 0 0.000341299 
-0.000774813 6.66134e-16 0.00564679 1.71469 1.73205 1.67578 -0.00101282 0 -0.00957591 -0.000277599 0 0.000328301 
0.000992869 6.66134e-16 0.0058511 1.71076 1.73205 1.67589 -0.00468392 0 -0.00960298 -0.000308255 0 0.000318704 
-0.000990133 6.66134e-16 0.00585365 1.6998 1.73205 1.67623 0.0050065 0 -0.00964721 0.00192208 0 0.000298643 
-0.00169905 6.66134e-16 0.00596441 1.71638 1.73205 1.6768 -0.00346189 0 -0.00972948 -0.000425078 0 0.000257297 
0.00424256 6.66134e-16 0.00617584 1.71415 1.73205 1.67733 -0.00072037 0 -0.00980807 -0.00159934 0 0.000211571 
0.00111881 6.66134e-16 0.00633453 1.72187 1.73205 1.67756 -0.00531398 0 -0.00984294 0.000108732 0 0.000188255 
0.00411896 6.66134e-16 0.00621237 1.70683 1.73205 1.67769 0.00140877 0 -0.00985772 0.000595234 0 0.000180626 
0.00419241 6.66134e-16 0.00637914 1.70705 1.73205 1.67776 0.0014528 0 -0.00987207 0.000595306 0 0.000168878 
0.00385926 6.66134e-16 0.00662702 1.71082 1.73205 1.67807 0.00166156 0 -0.00992116 0.00145273 0 0.000129558 
0.00336465 6.66134e-16 0.00657938 1.73868 1.73205 1.67838 -0.011557 0 -0.00996197 0.000684002 0 9.84675e-05 
0.00161571 6.66134e-16 0.00660416 1.70905 1.73205 1.67854 0.0015784 0 -0.00998208 0.00173889 0 7.84235e-05 
0.00530257 6.66134e-16 0.00668163 1.72228 1.73205 1.67871 -0.000751737 0 -0.0100029 0.000214434 0 5.21367e-05 
0.00230219 6.66134e-16 0.00668813 1.71051 1.73205 1.67885 0.000767037 0 -0.0100166 0.00131864 0 3.18656e-05 
0.0129718 6.66134e-16 0.00673427 1.72417 1.73205 1.67898 -0.00318605 0 -0.0100298 -0.00208227 0 9.79021e-06 
0.00231956 6.66134e-16 0.00674728 1.71219 1.73205 1.67912 -0.000505061 0 -0.0100415 0.00121701 0 -1.4063e-05 
0.00104356 6.66134e-16 0.00674987 1.71396 1.73205 1.67926 0.002714 0 -0.0100504 3.93875e-05 0 -3.79272e-05 
0.00491501 6.66134e-16 0.00680691 1.70704 1.73205 1.6794 0.00891146 0 -0.01006 -0.000132326 0 -7.21171e-05 
0.000375361 6.66134e-16 0.00666462 1.70915 1.73205 1.67954 0.00202605 0 -0.0100572 0.00155441 0 -7.99253e-05 
0.00430224 6.66134e-16 0.00668432 1.71245 1.73205 1.67967 0.000708492 0 -0.01006 0.000435443 0 -0.000110311 
0.00168392 6.66134e-16 0.00668025 1.71033 1.73205 1.67978 0.00365858 0 -0.0100598 0.000925696 0 -0.000132118 
0.00104999 6.66134e-16 0.00664725 1.7233 1.73205 1.67991 -0.00437474 0 -0.0100569 -0.000913992 0 -0.000154676 
0.0133377 6.66134e-16 0.00658682 1.71201 1.73205 1.68006 0.00689638 0 -0.0100522 -0.00247729 0 -0.00017756 
0.00296597 6.66134e-16 0.00661999 1.71473 1.73205 1.68016 0.00176155 0 -0.0100509 0.000439369 0 -0.000213205 
0.00645682 6.66134e-16 0.00650794 1.71377 1.73205 1.6804 -0.000754662 0 -0.0100452 -0.000103463 0 -0.00025173 
0.00175222 6.66134e-16 0.006403 1.71415 1.73205 1.68054 0.000142068 0 -0.0100437 0.00123243 0 -0.000261738 
0.00383478 6.66134e-16 0.00635123 1.71086 1.73205 1.68065 0.00482137 0 -0.0100424 -0.000888413 0 -0.000281151 
0.00452988 6.66134e-16 0.00631749 1.71109 1.73205 1.68074 0.00412379 0 -0.0100411 -0.00069371 0 -0.00029927 
0.00455007 6.66134e-16 0.0063617 1.7111 1.73205 1.68073 0.00412619 0 -0.0100383 -0.000693706 0 -0.000316357 
0.00429592 6.66134e-16 0.00620126 1.72006 1.73205 1.68094 -0.00165363 0 -0.0100395 0.000352664 0 -0.000333088 
0.00208661 6.66134e-16 0.00613873 1.71812 1.73205 1.68103 0.00294802 0 -0.0100399 -0.000688157 0 -0.000348528 
0.00194119 6.66134e-16 0.00607329 1.72361 1.73205 1.68112 -0.00254477 0 -0.0100413 -0.00191606 0 -0.0003628 
0.00211253 6.66134e-16 0.00600538 1.71657 1.73205 1.68121 0.00249769 0 -0.0100436 -0.000966744 0 -0.000376103 
0.00421372 6.66134e-16 0.00593559 1.71874 1.73205 1.68129 0.000817956 0 -0.0100469 -0.00186415 0 -0.000388295 
0.00051466 6.66134e-16 0.00596038 1.71808 1.73205 1.68128 0.000889809 0 -0.0100436 0.000670774 0 -0.000402992 
-0.00212399 6.66134e-16 0.00579198 1.7231 1.73205 1.68145 -0.00345868 0 -0.0100553 -0.000183008 0 -0.00040884 
0.00231022 6.66134e-16 0.00581343 1.71682 1.73205 1.68145 0.000819124 0 -0.0100514 -0.00133091 0 -0.000421768 
-0.000458353 6.66134e-16 0.00564652 1.71495 1.73205 1.6816 0.000740313 0 -0.0100625 -0.000702438 0 -0.000422243 
0.00140763 6.66134e-16 0.00557395 1.71846 1.73205 1.68168 -0.00144204 0 -0.0100642 -0.00177839 0 -0.000425976 
0.00246272 6.66134e-16 0.00550052 1.72333 1.73205 1.68175 -0.0012362 0 -0.0100643 -0.000923889 0 -0.000427579 
0.000250859 6.66134e-16 0.00534954 1.71615 1.73205 1.68187 -0.00144877 0 -0.0100594 -0.00119919 0 -0.000424641 
0.000415514 6.66134e-16 0.00519587 1.72154 1.73205 1.68198 0.00460174 0 -0.0100509 -0.0008744 0 -0.000413236 
0.000415514 6.66134e-16 0.00519587 1.72154 1.73205 1.68198 0.00460174 0 -0.0100509 -0.0008744 0 -0.000413236 
0.00201513 6.66134e-16 0.00505418 1.71446 1.73205 1.68207 0.00528589 0 -0.0100359 -0.0010689 0 -0.000394263 
3.31831e-05 6.66134e-16 0.00507279 1.72048 1.73205 1.68204 -0.00138274 0 -0.0100286 -0.00110992 0 -0.000393441 
0.0022006 6.66134e-16 0.00496608 1.72272 1.73205 1.68212 -0.000101756 0 -0.0100231 -0.00130762 0 -0.000375502 
0.00126342 6.66134e-16 0.00482894 1.73286 1.73205 1.68226 -0.0164534 0 -0.0100221 -0.00259728 0 -0.000355892 
-0.000177861 6.66134e-16 0.00477106 1.71566 1.73205 1.6823 0.00294765 0 -0.010014 0.000383978 0 -0.000338311 
0.000724908 6.66134e-16 0.00472633 1.72376 1.73205 1.68233 -0.00264011 0 -0.0100084 -0.00110798 0 -0.000321646 
0.000724908 6.66134e-16 0.00472633 1.72376 1.73205 1.68233 -0.00264011 0 -0.0100084 -0.00110798 0 -0.000321646 
-0.000998286 6.66134e-16 0.00459238 1.72227 1.73205 1.68244 -0.00165985 0 -0.00999831 -0.000618057 0 -0.000273233 
0.00119243 6.66134e-16 0.00450739 1.72078 1.73205 1.68254 -0.00223333 0 -0.0100043 -0.00079501 0 -0.000256186 
0.0010258 6.66134e-16 0.00446779 1.72662 1.73205 1.68255 -0.0112791 0 -0.00999832 -0.00162481 0 -0.000230779 
-0.00291645 6.66134e-16 0.00441353 1.72438 1.73205 1.68258 -0.00379436 0 -0.00999547 -0.000649631 0 -0.000202925 
-0.000361395 6.66134e-16 0.00436045 1.72299 1.73205 1.68262 -0.00146507 0 -0.00999479 0.000414452 0 -0.000176379 
0.00127174 6.66134e-16 0.00430067 1.71768 1.73205 1.68267 0.00503725 0 -0.00999506 -0.00102288 0 -0.000146225 
-0.00100932 6.66134e-16 0.00425459 1.71792 1.73205 1.68271 0.00131969 0 -0.00999126 -0.000751642 0 -0.00011828 
-0.000880025 6.66134e-16 0.00425188 1.71806 1.73205 1.68264 0.00134812 0 -0.0099762 -0.000751748 0 -0.000104284 
-0.00308909 6.66134e-16 0.00416396 1.72522 1.73205 1.68277 -0.000120243 0 -0.00997649 0.000371757 0 -6.15565e-05 
0.00059135 6.66134e-16 0.00412279 1.72043 1.73205 1.68277 -0.00145433 0 -0.00996516 -0.0009911 0 -3.6077e-05 
0.000442212 6.66134e-16 0.00410629 1.72037 1.73205 1.6827 -0.00146652 0 -0.00994664 -0.000991008 0 -2.15701e-05 
0.00320487 6.66134e-16 0.00398167 1.7234 1.73205 1.68291 -0.00346258 0 -0.00995436 -0.000265441 0 3.01155e-05 
0.000864606 6.66134e-16 0.0039004 1.71971 1.73205 1.68285 0.00316763 0 -0.00992668 0.000682281 0 6.92641e-05 
0.000864606 6.66134e-16 0.0039004 1.71971 1.73205 1.68285 0.00316763 0 -0.00992668 0.000682281 0 6.92641e-05 
-0.0012633 6.66134e-16 0.00378046 1.71554 1.73205 1.68292 0.00254589 0 -0.00990983 -0.000402201 0 0.000118195 
-0.00262337 6.66134e-16 0.00372424 1.72217 1.73205 1.68294 -0.00226636 0 -0.00990035 -4.14377e-05 0 0.00014049 
-0.00125249 6.66134e-16 0.00367317 1.72002 1.73205 1.68294 -0.00103939 0 -0.00988865 -0.000906384 0 0.000160237 
-0.00120234 6.66134e-16 0.00364249 1.72007 1.73205 1.68285 -0.00102995 0 -0.00986632 -0.000906411 0 0.000172495 
0.00183692 6.66134e-16 0.00357812 1.72641 1.73205 1.68289 -0.00411828 0 -0.0098591 -0.00217505 0 0.000194143 
-0.0040317 6.66134e-16 0.00342154 1.72679 1.73205 1.68308 -0.00379085 0 -0.00988713 0.000340116 0 0.000239315 
-0.0023615 6.66134e-16 0.00333061 1.72043 1.73205 1.68301 -0.00148765 0 -0.00987315 -0.000152182 0 0.000264519 
-0.0023615 6.66134e-16 0.00333061 1.72043 1.73205 1.68301 -0.00148765 0 -0.00987315 -0.000152182 0 0.000264519 
-0.00318567 6.66134e-16 0.00325089 1.7155 1.73205 1.68299 0.00255449 0 -0.00987871 -2.27796e-05 0 0.000288971 
-0.00280949 6.66134e-16 0.00322126 1.72061 1.73205 1.683 -6.26565e-05 0 -0.00988497 0.000180294 0 0.000300008 
-0.0016584 6.66134e-16 0.00318054 1.71271 1.73205 1.68301 0.00361136 0 -0.00989885 -0.000596179 0 0.000318923 
-0.00147706 6.66134e-16 0.00316763 1.70747 1.73205 1.68302 0.00707317 0 -0.00990569 -0.000193591 0 0.000326395 
-0.00193663 6.66134e-16 0.0031505 1.72042 1.73205 1.68297 -0.00116384 0 -0.00988928 -0.000782896 0 0.000333151 
-0.00285679 6.66134e-16 0.00315368 1.72428 1.73205 1.68306 -0.00254808 0 -0.00992253 0.000187336 0 0.000337023 
-0.00533165 6.66134e-16 0.00314555 1.72156 1.73205 1.68303 -0.00179716 0 -0.00990911 0.00119248 0 0.000342937 
