1.31835 0.0239225 1.53855 0.00144592 
1.31144 0.0263773 1.53884 0.00115652 
1.32447 0.0207503 1.53979 0.000207618 
1.32995 0.0201799 1.53685 0.00307453 
1.3385 0.0214081 1.53686 0.00294513 
1.371 0.0441512 1.53854 0.000352872 
1.39623 0.0688673 1.53837 0.000541591 
1.48299 0.160824 1.53581 0.00363648 
1.51167 0.194249 1.53081 0.00280353 
1.52297 0.208039 1.5305 0.00927538 
1.53654 0.23866 1.51998 0.00421529 
1.5265 0.227421 1.5175 0.0123966 
1.49919 0.196188 1.49945 0.0105201 
1.48738 0.195282 1.49953 0.0171563 
1.46575 0.174071 1.48213 0.0177389 
1.46223 0.178457 1.44179 0.0068393 
1.46223 0.178457 1.44179 0.0068393 
1.44133 0.165012 1.42805 0.0100887 
1.42302 0.169425 1.41282 0.0231658 
1.39816 0.150745 1.3926 0.0225744 
1.39551 0.156496 1.37774 0.0332306 
1.36529 0.139194 1.35732 0.0128125 
1.35934 0.143673 1.33199 0.0250562 
1.35935 0.153698 1.30124 0.0242368 
1.34998 0.151489 1.2352 0.00187976 
1.33476 0.164875 1.21624 0.0282479 
1.3069 0.150919 1.16758 0.0148017 
1.27585 0.136276 1.15343 0.0167039 
1.26158 0.139048 1.14191 0.0487114 
1.19644 0.0899527 1.08602 0.0340598 
1.18618 0.0907785 1.04861 0.0314607 
1.12939 0.0630363 1.01384 0.0319359 
1.11323 0.0772302 0.982211 0.0358804 
1.08871 0.0565111 0.945787 0.0426759 
1.05189 0.0368753 0.879166 0.0120095 
1.03048 0.0288475 0.868787 0.0730409 
0.988361 0.0319262 0.79322 0.0147678 
0.960611 0.0374832 0.769347 0.00910524 
0.951927 0.0304142 0.753598 0.0660283 
0.902109 0.0563717 0.70088 0.0472777 
0.907443 0.0384159 0.667945 0.0443796 
0.894832 0.0395644 0.648488 0.0577236 
0.87802 0.0468874 0.600369 0.0417437 
0.872841 0.0463881 0.585409 0.0425372 
0.860369 0.048395 0.532334 0.0298996 
0.856062 0.0529585 0.492754 0.0145765 
0.857934 0.0345673 0.47549 0.0328439 
0.871301 0.0193558 0.438557 0.027606 
0.868485 0.0266662 0.419325 0.0392142 
0.863345 0.0171589 0.36798 0.0364467 
0.884672 0.0323874 0.345865 0.0274999 
0.870569 0.0373421 0.308569 0.0356528 
0.870609 0.033102 0.272416 0.0116338 
0.846972 0.033951 0.260502 0.0256983 
0.836615 0.0326859 0.234501 0.0269059 
0.833807 0.0455185 0.234501 0.0376216 
0.822097 0.0239082 0.195311 0.0240093 
0.820426 0.0204099 0.176428 0.031603 
0.823154 0.0286769 0.139536 0.0140076 
0.815339 0.0363338 0.0992945 0.0117704 
0.818449 0.0467792 0.0993004 0.0197103 
0.824401 0.0434355 0.0689665 0.0142815 
0.804477 0.0326282 0.047588 0.00944153 
0.79912 0.0415755 0.0475738 0.0207735 
0.769646 0.0202486 0.0202599 0.0214849 
0.76218 0.0221038 0.0132738 0.0277908 
0.748339 0.02052 0.00683664 0.0193957 
0.743214 0.0254458 0.0153214 0.0109109 
0.726629 0.0226391 0.0433907 0.00660327 
0.733464 0.0250078 0.0474965 0.00608906 
0.730551 0.0213773 0.0594398 0.0109253 
0.725298 0.0242483 0.0785741 0.00240571 
0.723494 0.0268164 0.0785795 0.00588308 
0.722336 0.0303783 0.0797161 0.00474644 
0.682611 0.0246106 0.0937904 0.00509298 
0.669651 0.022422 0.101477 0.00363153 
0.659685 0.0267736 0.106216 0.00176605 
0.641911 0.0363022 0.105512 0.00484959 
0.637058 0.0336182 0.109775 0.00250405 
0.617275 0.0438367 0.115438 0.00211745 
0.609908 0.0346823 0.113036 0.00205316 
0.599096 0.0353635 0.114108 0.00170428 
0.614488 0.037158 0.116218 0.000749661 
0.600237 0.026838 0.116804 0.00133569 
0.585369 0.0280591 0.114266 0.000167606 
0.585828 0.0264462 0.114266 0.00154134 
0.594283 0.0279344 0.114066 0.0026176 
0.568682 0.0206207 0.112933 0.00308966 
0.551332 0.0287007 0.110886 0.00295747 
0.550343 0.0287894 0.109172 0.00332735 
0.541919 0.0268157 0.108827 0.00535461 
0.541915 0.0190526 0.103706 0.00294599 
0.536217 0.0171775 0.100565 0.00259561 
0.536217 0.0171775 0.100565 0.00259561 
0.518746 0.016092 0.0968808 0.00559453 
0.484689 0.0456714 0.0947822 0.00656532 
0.507084 0.0199718 0.0885376 0.00255068 
0.48598 0.0293753 0.0833064 0.00195332 
0.471641 0.0285814 0.0741148 2.67315e-05 
0.467547 0.025846 0.0752612 0.00484188 
0.503657 0.0372718 0.0723511 0.00423244 
0.469339 0.0199637 0.0686227 0.00747112 
0.456519 0.0191077 0.0584844 0.00286736 
0.457224 0.0111569 0.0568826 0.0045099 
0.456873 0.0298637 0.0535158 0.00592845 
0.437251 0.0238965 0.048244 0.00279996 
0.416611 0.0321835 0.0470545 0.00719625 
0.412494 0.030157 0.0400666 0.00225571 
0.400163 0.0380761 0.0385708 0.00502136 
0.395307 0.0365889 0.0356426 0.00549391 
0.387852 0.041223 0.0295929 0.00284074 
0.380905 0.0410005 0.0278684 0.0044283 
0.393099 0.0228412 0.0255656 0.00593825 
0.378222 0.0377263 0.0224115 0.00444227 
0.37444 0.0334099 0.015259 0.00175917 
0.369171 0.0326176 0.0105675 0.00169417 
0.372162 0.0236498 0.00538893 0.000498782 
0.354819 0.032308 0.00330475 0.00225488 
0.351598 0.0283846 0.00159882 0.00387532 
0.351463 0.0279765 0.00159879 0.00451456 
0.348326 0.0278534 0.00346429 0.00231364 
0.343044 0.027571 0.00570825 0.00227833 
0.333218 0.0290006 0.0115648 0.000671413 
0.324687 0.0334298 0.0122751 0.000658227 
0.327437 0.0256182 0.0171759 0.00198298 
0.314218 0.034938 0.0136846 0.00274134 
0.303421 0.0424133 0.0165877 0.00143285 
0.292055 0.0484205 0.0177198 0.00161762 
0.288207 0.0490424 0.0179021 0.00252431 
0.259966 0.0765208 0.0181846 0.00298385 
0.278693 0.0490589 0.0227927 6.71077e-05 
0.282513 0.0437473 0.0213313 0.00201259 
0.284271 0.0390587 0.0224336 0.00142646 
0.288263 0.0320989 0.0244808 0.000130953 
0.282142 0.0352315 0.0241421 0.000467348 
0.290621 0.0271808 0.0251402 0.000291171 
0.284275 0.0300562 0.0243075 0.000692485 
0.289238 0.0257067 0.024501 0.000603385 
0.283202 0.0251372 0.0247345 0.000329604 
0.283531 0.0247444 0.0247346 0.000127109 
0.263493 0.0358035 0.0239323 0.000972017 
0.257885 0.0393248 0.0265922 0.00224312 
0.264338 0.0327753 0.0239355 0.000136582 
0.280122 0.0284309 0.0256158 0.0020887 
0.280122 0.0284309 0.0256158 0.0020887 
0.269226 0.026083 0.0234422 0.000825551 
0.267945 0.0273706 0.0234419 0.00116909 
0.266437 0.0286563 0.0235224 0.00178614 
0.294278 0.0423681 0.0217649 0.000962594 
0.254776 0.02532 0.0226743 0.00265119 
0.268502 0.0263118 0.0184902 0.00101361 
0.243496 0.0309958 0.0186331 8.03489e-05 
0.245398 0.0284378 0.0129376 0.00495614 
0.236478 0.0313555 0.0165997 0.000443867 
0.245689 0.0259324 0.0208879 0.0045977 
0.245469 0.0268988 0.0208879 0.00512097 
0.241467 0.0253379 0.0167502 0.00192602 
0.234916 0.0254121 0.0160807 0.00214664 
0.226322 0.0298266 0.0124795 0.000179429 
0.210935 0.0408748 0.0141377 0.00292025 
0.205284 0.0455682 0.0103902 0.000109814 
0.22867 0.036841 0.0101297 0.000438584 
0.207892 0.0391477 0.0107945 0.00158456 
0.197572 0.0466552 0.0104524 0.00234811 
0.20295 0.0393412 0.00787416 0.000672377 
0.209259 0.0334665 0.00835326 0.00178737 
0.211001 0.0302029 0.00951588 0.00369726 
0.206089 0.0336377 0.00741543 0.00201504 
0.202393 0.0334935 0.00438582 0.000168298 
0.211321 0.0273893 0.0048097 0.0011289 
0.196497 0.0349413 0.00280864 0.000198165 
0.231932 0.0341528 0.00211538 0.000238517 
0.220321 0.0260238 0.00218036 0.00384624 
0.199367 0.0297313 0.00240907 0.00106612 
0.193932 0.0304485 0.000841497 0.000308056 
0.196768 0.0315048 0.00176168 0.00122824 
0.199712 0.0220098 0.000198532 0.000697181 
0.183737 0.0343432 0.00110914 0.000107776 
0.17983 0.0363167 0.00346844 0.00194702 
0.18158 0.0324476 0.00261071 0.000268426 
0.176541 0.037157 0.00118613 0.00154094 
0.13024 0.0841181 0.00151479 0.00175984 
0.170508 0.0361548 0.00633332 0.00239969 
0.176851 0.0249385 0.00536553 0.00106478 
0.156797 0.0409226 0.0026168 0.00204596 
0.152056 0.0434297 0.00316869 0.00174609 
0.147893 0.0463277 0.00264134 0.00243118 
0.155191 0.0395219 0.00510761 0.000100043 
0.149734 0.0413051 0.00476867 0.000643437 
0.144535 0.0459734 0.0063945 0.000982395 
0.146239 0.0406814 0.00535552 0.000187962 
0.148672 0.0397038 0.00459414 0.000949339 
0.13651 0.048361 0.00804503 0.00246855 
0.146657 0.0367852 0.00645546 0.000882686 
0.139237 0.0401742 0.004969 0.000507214 
0.145511 0.0335264 0.00565512 0.000263335 
0.156971 0.0273242 0.00641471 0.0011063 
0.144205 0.0281191 0.00490007 0.000298534 
0.144841 0.0306527 0.00667572 0.00157011 
0.133853 0.0342566 0.00445234 0.000408177 
0.137352 0.0325531 0.0047473 0.000113217 
0.131678 0.0339919 0.00388623 0.000696325 
0.129024 0.0361414 0.00571583 0.00128174 
0.124732 0.0390394 0.00359674 0.000682918 
0.127301 0.0362778 0.00462866 0.000465423 
0.130049 0.0379843 0.00488768 0.000932089 
0.128504 0.0331104 0.0023145 0.00129006 
0.148481 0.0250762 0.00295358 0.000480378 
0.127058 0.034805 0.0042449 0.000854392 
0.117484 0.0367209 0.00516584 0.00208631 
0.133824 0.0314421 0.00621842 0.00326073 
0.121268 0.0314936 0.00546462 0.00275298 
0.129099 0.0268223 0.00437717 0.00185149 
0.129099 0.0268223 0.00437717 0.00185149 
0.125678 0.0257959 0.00439543 0.00224411 
0.115435 0.0322777 0.00245699 0.000493731 
0.11224 0.0317842 0.00328478 0.00150928 
0.11215 0.0316849 0.00328496 0.00162508 
0.115761 0.0292838 0.0012891 0.000112469 
0.11843 0.0242347 9.145e-05 0.00105072 
0.107966 0.0327439 0.000447934 0.00129826 
0.104097 0.032793 0.00378958 0.00311822 
0.101664 0.0337139 0.000158236 0.000337529 
0.0910034 0.0414073 0.000195638 5.26075e-05 
0.10572 0.0281231 0.00249708 0.00250057 
0.105601 0.0280558 0.00249725 0.00258769 
0.0680862 0.065812 0.000245968 0.000554843 
0.0884799 0.039673 0.00498453 0.00453257 
0.0901658 0.0348369 0.00385949 0.00313077 
0.0933447 0.0344786 0.00146787 0.000629072 
0.0822659 0.038533 0.00120183 0.000248366 
0.083283 0.037904 0.000181952 0.00124259 
0.083283 0.037904 0.000181952 0.00124259 
0.077533 0.0418296 0.00217923 0.000972888 
0.0798521 0.0373059 0.00217223 0.00349874 
0.0611343 0.0541565 0.000863745 0.000531187 
0.0492327 0.0667775 0.00147369 0.00299526 
0.0493922 0.066371 0.00147398 0.00302163 
0.0666859 0.0435774 0.000144019 0.00149277 
0.0631185 0.04767 2.5028e-05 0.00170214 
0.0640583 0.0467146 0.00166689 0.00336579 
0.0640821 0.046566 0.00166689 0.0033721 
0.0578069 0.0502973 0.000176197 0.00155324 
0.0525977 0.0556055 0.000960083 0.000769354 
0.0631043 0.0424083 0.00232987 0.000562291 
0.0857634 0.0253367 0.00192348 0.000154354 
0.0647998 0.0418518 0.00269202 0.000921039 
0.0943322 0.0365155 0.00438353 0.00261593 
0.0851648 0.0251531 0.00248691 0.000735379 
0.068427 0.0358957 0.00254583 0.000803965 
0.0681951 0.0335297 0.00127319 0.000449569 
0.0686069 0.0335206 0.00123898 0.000454433 
0.0652239 0.0361757 0.00156026 0.000107546 
0.0588788 0.0400883 0.000473217 0.00112203 
0.0526549 0.0461052 0.00025669 0.00182792 
0.0498843 0.047977 0.000392139 0.00112889 
0.0293267 0.0684324 0.00204999 0.000599053 
0.0293038 0.0684596 0.00205027 0.000632042 
0.0522696 0.0432828 0.000878937 0.0004819 
0.0511708 0.0448111 0.0016653 0.00297875 
0.0511708 0.0448111 0.0016653 0.00297875 
0.0357326 0.0621596 0.000807428 0.00040791 
0.0288821 0.0890752 1.23803e-06 0.00116629 
0.0288821 0.0890752 1.23803e-06 0.00116629 
0.0586314 0.0337806 0.00224313 0.00117923 
0.046824 0.0440115 0.00119412 0.000179847 
0.0468192 0.0440509 0.00119412 0.000213589 
0.0558259 0.0356078 0.000672097 0.00158998 
0.0486613 0.0405628 0.00101492 0.000137486 
0.0937837 0.0333782 0.00327469 0.00244751 
0.0510348 0.0378963 0.000221442 0.00100028 
0.0532799 0.0356411 0.000179616 0.000554377 
0.0485946 0.0398468 0.000981397 0.000291396 
0.0575109 0.0329795 0.00138073 0.000736231 
0.0575109 0.0329795 0.00138073 0.000736231 
0.0435757 0.0433667 0.000771153 0.000209357 
0.0434862 0.0433956 0.000771245 0.000240011 
0.0592501 0.0274258 0.00195518 0.00147653 
0.0426103 0.0419444 0.00108195 0.000666631 
0.041955 0.0414064 0.00113497 0.000775783 
0.0475577 0.0349292 0.000774365 0.000463668 
0.0469541 0.0355446 0.00128328 0.00156719 
0.0465716 0.0358718 0.00128324 0.00154264 
0.0307129 0.0517398 0.00105736 0.00127096 
0.036455 0.0432852 0.000822579 0.000642039 
0.0395755 0.0401337 0.00189468 0.00174591 
0.0290519 0.0502757 0.000804652 0.000923078 
0.0418248 0.0388035 0.00043096 0.000511087 
0.0365239 0.0419793 0.00067705 0.000704775 
0.0429833 0.0351849 0.000902479 0.000881744 
0.0369228 0.0392332 0.00131503 0.0012588 
0.0406605 0.0376207 0.000124092 3.65601e-05 
0.0381458 0.0380037 0.00249849 0.00237382 
0.0323083 0.043027 0.00114012 0.000983282 
0.0284414 0.044673 0.00337408 0.00319675 
0.0209354 0.0509226 0.00134073 0.00153534 
0.0299884 0.0412348 0.00201511 0.00179794 
0.0173775 0.0530255 0.0013914 0.0016251 
0.0273986 0.042511 7.19622e-07 0.000239369 
0.0281175 0.0415435 0.00121105 0.000964444 
0.0190618 0.0524297 0.00227123 0.00202587 
0.0316149 0.0390796 0.000682108 0.00043579 
0.0146726 0.053798 0.00179001 0.00203529 
0.0312137 0.0381081 0.00166351 0.00142272 
0.0327354 0.0368588 0.00212763 0.00189156 
0.0324633 0.0363285 0.00138099 0.00115235 
0.0332951 0.0356413 0.00117511 0.000953236 
0.0332951 0.0356413 0.00117511 0.000953236 
0.0283301 0.0392637 0.000527091 0.00032271 
0.0282445 0.0393665 0.000527078 0.000333469 
0.0315845 0.0358866 0.0016968 0.00187825 
0.0146655 0.0566489 0.00344394 0.00359215 
0.0291424 0.0375664 0.00102455 0.000890858 
0.0263269 0.0396396 0.000527441 0.00041184 
0.0262721 0.0396859 0.000527445 0.000427406 
0.0308098 0.0351817 0.00149994 0.00157112 
0.0116438 0.0544037 0.00126221 0.00131197 
0.0241797 0.0408745 0.00107321 0.00106808 
0.0267113 0.038163 0.000551631 0.000534112 
0.0267996 0.0380778 0.000551613 0.000518236 
0.0205829 0.0434831 0.000928198 0.000969383 
0.0271684 0.0375549 0.00147838 0.00155562 
0.0279084 0.0363794 0.000305968 0.000431807 
0.0313657 0.0330602 0.000567826 0.000725013 
0.0201262 0.0421792 0.000831805 0.00101732 
0.0218684 0.0404 0.000155741 5.53804e-05 
0.0217069 0.0405314 0.000155738 6.92038e-05 
0.0183518 0.043199 0.000786101 0.00103392 
0.0207508 0.0408964 0.000699833 0.000964475 
0.0163092 0.0447416 0.00122331 0.00151719 
0.0163092 0.0447416 0.00122331 0.00151719 
0.0151366 0.0457316 0.00181419 0.00213158 
0.0232433 0.0382431 0.00107118 0.000742724 
0.019785 0.0407415 0.00162996 0.00197211 
0.0225926 0.0379799 4.18426e-05 0.000391048 
0.0513757 0.0269698 0.000126607 0.000481422 
0.0514563 0.0269693 0.000126316 0.000485722 
0.0255832 0.0354619 4.44171e-06 0.000373136 
0.0187839 0.0439694 0.0010977 0.00147124 
0.0233977 0.0369965 0.000146012 0.000230513 
0.0228613 0.0370344 0.000805101 0.00118443 
0.0165842 0.0424346 0.000242355 0.000138699 
0.02494 0.037399 0.00182269 0.00144096 
0.02494 0.037399 0.00182269 0.00144096 
0.0234778 0.0355443 0.000748706 0.00112802 
0.023197 0.0363602 0.000534718 0.00091102 
0.0232383 0.0362558 0.000534749 0.000907751 
0.0202809 0.0377683 0.000379601 0.000745674 
0.0305563 0.0302238 0.000664322 0.000305985 
0.0306187 0.0301435 0.000664376 0.000312649 
0.0194095 0.0386369 0.000367648 0.000708947 
0.01741 0.0403566 0.000277599 0.0006059 
0.0218252 0.0355486 0.000308255 0.000626959 
0.0326569 0.0285844 0.00192208 0.00162344 
0.0161364 0.0407973 0.000425078 0.000682375 
0.0184098 0.0379721 0.00159934 0.00181091 
0.0115361 0.0448509 0.000108732 7.95237e-05 
0.025598 0.0313124 0.000595234 0.000414608 
0.0253896 0.0314816 0.000595306 0.000426428 
0.0216447 0.0348459 0.00145273 0.00132317 
0.0137407 0.0604088 0.000684002 0.000585534 
0.0231078 0.0330116 0.00173889 0.00166047 
0.0111443 0.0445604 0.000214434 0.000162297 
0.0216806 0.0337249 0.00131864 0.00128677 
0.0155109 0.0461264 0.00208227 0.00209206 
0.0199983 0.0347057 0.00121701 0.00123107 
0.0183219 0.037416 3.93875e-05 7.73147e-05 
0.0270052 0.0335753 0.000132326 6.02094e-05 
0.0229897 0.0325983 0.00155441 0.00163433 
0.0200777 0.034583 0.000435443 0.000545753 
0.0220955 0.033855 0.000925696 0.00105781 
0.00983932 0.0441184 0.000913992 0.000759316 
0.0250448 0.0367877 0.00247729 0.00229973 
0.0176654 0.0367098 0.000439369 0.000652574 
0.0194054 0.0346357 0.000103463 0.000148267 
0.0179882 0.0354256 0.00123243 0.00149416 
0.022072 0.0337587 0.000888413 0.000607262 
0.021835 0.0335469 0.00069371 0.00039444 
0.0218279 0.0335633 0.000693706 0.000377348 
0.0128442 0.0400565 0.000352664 0.000685752 
0.0143947 0.0395027 0.000688157 0.00033963 
0.00903004 0.0433407 0.00191606 0.00155326 
0.0158243 0.0377217 0.000966744 0.000590641 
0.0139824 0.0390363 0.00186415 0.00147585 
0.014006 0.0387725 0.000670774 0.00107377 
0.0098239 0.0429103 0.000183008 0.000225832 
0.015423 0.0371739 0.00133091 0.000909139 
0.0171237 0.0355802 0.000702438 0.000280195 
0.0137369 0.0380123 0.00177839 0.00135241 
0.00914171 0.0426232 0.000923889 0.000496311 
0.0159664 0.0357098 0.00119919 0.000774552 
0.0114784 0.0424564 0.0008744 0.000461164 
0.0114784 0.0424564 0.0008744 0.000461164 
0.018475 0.0359614 0.0010689 0.000674635 
0.0116518 0.0397259 0.00110992 0.000716483 
0.00958302 0.0418887 0.00130762 0.000932121 
0.0165219 0.051135 0.00259728 0.00224139 
0.0166568 0.0361272 0.000383978 0.000722289 
0.00872955 0.04227 0.00110798 0.000786329 
0.00872955 0.04227 0.00110798 0.000786329 
0.00996998 0.0410764 0.000618057 0.000344824 
0.0115553 0.0391572 0.00079501 0.000538824 
0.012561 0.0442179 0.00162481 0.00139403 
0.00903898 0.0428874 0.000649631 0.000446705 
0.00918494 0.0415314 0.000414452 0.00059083 
0.0152841 0.0382158 0.00102288 0.000876653 
0.0142291 0.0373576 0.000751642 0.000633362 
0.0140788 0.0375384 0.000751748 0.000647464 
0.00749518 0.0441847 0.000371757 0.000433314 
0.0117273 0.038768 0.0009911 0.000955023 
0.011784 0.0387871 0.000991008 0.000969438 
0.00985766 0.0410067 0.000265441 0.000295557 
0.0127724 0.0392301 0.000682281 0.000613017 
0.0127724 0.0392301 0.000682281 0.000613017 
0.0167507 0.0352854 0.000402201 0.000520396 
0.0104683 0.040472 4.14377e-05 0.000181928 
0.0121424 0.038439 0.000906384 0.00106662 
0.0120886 0.0385522 0.000906411 0.00107891 
0.00722171 0.0439298 0.00217505 0.00236919 
0.00763828 0.044751 0.000340116 0.000100801 
0.0119492 0.0387678 0.000152182 0.000416701 
0.0119492 0.0387678 0.000152182 0.000416701 
0.0170495 0.0353897 2.27796e-05 0.000311751 
0.0117818 0.0393389 0.000180294 0.000119714 
0.0197485 0.0329841 0.000596179 0.000915102 
0.0256185 0.0301309 0.000193591 0.000519986 
0.0118479 0.0387912 0.000782896 0.00111605 
0.0086597 0.0423023 0.000187336 0.000149688 
0.0119049 0.0402774 0.00119248 0.000849546 
